sl_no,gender,ssc_p,ssc_b,hsc_p,hsc_b,hsc_s,attendance,backlogs,age,degree_p,degree_t,courses,volunteerings,interns,projects,etest_p,workex,specialisation,status,salary
1,F,92,Central,37.14,Central,Commerce,88,0,20,85.37,Comm&Mgmt,1,Yes,2,5,80.34,Yes,Mkt&Fin,Not Placed,304342
2,M,92,Central,98,Others,Science,77,0,20,95.955,Sci&Tech,2,Yes,1,4,89.19,Yes,Mkt&Fin,Placed,249583
3,M,40.89,Others,37,Central,Commerce,93,1,20,97.34,Sci&Tech,8,Yes,1,3,86.73,Yes,Mkt&Fin,Not Placed,
4,M,92,Central,98,Central,Science,90,0,19,71.467,Comm&Mgmt,4,Yes,1,3,72.1,Yes,Mkt&HR,Not Placed,316966
5,M,80.16,Others,37,Others,Science,82,0,21,75.106,Sci&Tech,5,Yes,1,3,86.4,Yes,Mkt&Fin,Placed,219276
6,F,42.31,Central,42.91,Central,Commerce,98,2,20,70.063,Comm&Mgmt,1,Yes,1,1,74.87,Yes,SDE,Placed,
7,F,59.66,Central,73.48,Others,Arts,87,1,20,95.163,Others,5,No,1,4,43.02,Yes,Mkt&HR,Not Placed,
8,F,42.55,Central,57.84,Others,Commerce,98,5,20,47.428,Comm&Mgmt,1,No,4,1,98.85,Yes,Mkt&Fin,Not Placed,
9,M,87.89,Others,98,Others,Science,91,1,21,57.981,Comm&Mgmt,1,Yes,1,3,68.47,No,Mkt&HR,Placed,
10,M,56.56,Central,56.44,Central,Science,97,0,22,74.72,Comm&Mgmt,1,Yes,1,1,58.15,No,Mkt&HR,Not Placed,312310
11,M,92,Central,76.16,Central,Science,98,0,20,59.283,Comm&Mgmt,3,Yes,2,3,88.02,Yes,Mkt&Fin,Placed,314215
12,M,92,Central,68.93,Others,Commerce,85,0,21,97.34,Comm&Mgmt,6,Yes,2,3,73.18,Yes,Mkt&Fin,Placed,274767
13,F,54.07,Central,54.54,Central,Science,92,0,19,66.818,Comm&Mgmt,4,Yes,1,3,57.67,Yes,SDE,Placed,
14,F,77.39,Central,37,Central,Arts,86,0,22,78.267,Comm&Mgmt,1,Yes,4,5,71.55,No,SDE,Placed,299229
15,F,92,Central,98,Central,Commerce,77,0,20,85.561,Sci&Tech,5,Yes,1,3,79.94,Yes,Mkt&HR,Placed,280307
16,M,81.14,Central,65.08,Central,Commerce,98,0,20,89.433,Sci&Tech,5,Yes,2,4,46.58,Yes,Mkt&HR,Not Placed,
17,F,85.73,Central,44.78,Others,Arts,71,0,19,97.34,Comm&Mgmt,5,Yes,1,4,71.69,Yes,Jnr.DevOps,Placed,316202
18,M,51.12,Central,37,Central,Science,70,2,22,74.367,Others,1,Yes,1,3,76.23,No,Mkt&HR,Not Placed,
19,M,68.93,Others,44.9,Central,Science,98,0,19,84.989,Comm&Mgmt,1,Yes,1,1,44.37,Yes,Mkt&Fin,Placed,
20,M,90.56,Central,98,Central,Science,64,0,19,74.019,Sci&Tech,4,Yes,1,3,95.57,Yes,Mkt&HR,Placed,557042
21,F,74.77,Central,73.69,Central,Science,98,0,22,65.735,Comm&Mgmt,1,Yes,1,3,97.42,No,Jnr.DevOps,Not Placed,294034
22,F,50.35,Central,70.58,Central,Commerce,93,0,21,73.823,Comm&Mgmt,3,Yes,0,1,43.02,Yes,SDE,Not Placed,318930
23,F,59.06,Central,70.91,Others,Commerce,98,0,19,53.447,Comm&Mgmt,5,Yes,2,4,77.45,Yes,Mkt&HR,Placed,267799
24,M,92,Central,43.19,Others,Science,92,0,21,74.769,Sci&Tech,4,Yes,1,1,76.47,Yes,SDE,Not Placed,318410
25,F,86.77,Central,37,Central,Commerce,70,0,21,79.569,Comm&Mgmt,1,Yes,1,1,98.85,No,Mkt&HR,Not Placed,328870
26,F,92,Central,85.56,Others,Arts,82,1,21,97.34,Sci&Tech,6, No,1,4,81.52,Yes,Mkt&HR,Placed,
27,M,87.12,Central,43.15,Central,Science,74,0,19,70.157,Comm&Mgmt,5,Yes,1,3,98.85,Yes,Mkt&Fin,Placed,212316
28,M,89.68,Central,78.79,Others,Science,71,0,22,68.774,Comm&Mgmt,1,Yes,1,1,82.93,No,Mkt&HR,Not Placed,
29,M,61.27,Central,60.19,Others,Science,91,5,19,88.081,Comm&Mgmt,5,Yes,2,1,75.93,Yes,Analyst,Placed,
30,M,76.05,Central,76.72,Others,Commerce,64,0,19,97.34,Comm&Mgmt,10,Yes,1,4,72.72,Yes,Mkt&Fin,Placed,201808
31,M,47.82,Others,37,Others,Commerce,94,2,20,73.305,Comm&Mgmt,1,Yes,0,1,57.51,Yes,Mkt&HR,Placed,
32,M,47.91,Others,39.71,Central,Commerce,66,0,20,80.082,Comm&Mgmt,5,Yes,4,4,68.85,No,Mkt&HR,Not Placed,
33,F,42.67,Others,46.19,Central,Science,89,0,21,72.216,Sci&Tech,1,Yes,0,3,82.8,No,Jnr.DevOps,Not Placed,
34,F,69.52,Central,62.86,Others,Science,98,1,21,75.979,Sci&Tech,5,Yes,2,4,45.65,Yes,Mkt&Fin,Placed,201684
35,M,47.38,Central,94.72,Central,Commerce,79,0,20,44.267,Sci&Tech,5,Yes,1,3,97.95,No,Mkt&HR,Not Placed,584239
36,F,92,Central,92.17,Others,Science,98,0,19,80.275,Comm&Mgmt,7,Yes,1,4,80.14,Yes,Mkt&Fin,Placed,
37,F,89.75,Others,37.72,Central,Commerce,73,0,21,97.34,Comm&Mgmt,5,Yes,1,4,45.73,Yes,Mkt&Fin,Placed,302232
38,F,51.99,Others,40.07,Others,Science,95,0,19,71.924,Comm&Mgmt,3,Yes,1,1,54.17,No,Mkt&HR,Not Placed,
39,M,40.89,Central,51.86,Central,Commerce,64,1,19,44.547,Comm&Mgmt,1,Yes,1,3,59.45,Yes,Mkt&HR,Not Placed,
40,M,92,Others,98,Central,Science,73,2,22,95.676,Sci&Tech,10,No,0,3,98.85,No,Mkt&Fin,Placed,230569
41,F,40.89,Central,56.43,Others,Commerce,98,0,22,79.097,Sci&Tech,1,Yes,1,2,76.57,No,Analyst,Not Placed,281070
42,M,86.92,Central,87.97,Central,Science,98,0,19,83.349,Comm&Mgmt,1,Yes,1,1,90.33,Yes,Mkt&Fin,Not Placed,
43,F,73.6,Central,52.17,Central,Commerce,98,2,20,79.638,Sci&Tech,2,Yes,1,3,84.41,No,Mkt&HR,Not Placed,
44,F,40.89,Central,37,Central,Commerce,98,5,19,43.1,Comm&Mgmt,1,Yes,0,4,47.47,No,SDE,Not Placed,
45,M,80.16,Central,50.08,Central,Science,98,0,22,86.787,Comm&Mgmt,2,Yes,1,2,74.09,No,Mkt&HR,Not Placed,
46,M,46.58,Central,43.83,Central,Science,70,0,19,80.802,Comm&Mgmt,9,Yes,2,1,88.54,Yes,SDE,Placed,200000
47,M,40.89,Central,50.22,Others,Commerce,95,0,22,61.392,Sci&Tech,1,Yes,3,1,58.26,No,Mkt&Fin,Placed,
48,M,78.47,Others,51.69,Central,Science,88,3,19,68.782,Sci&Tech,1,Yes,1,1,69.46,Yes,Mkt&Fin,Placed,
49,M,92,Central,73.66,Others,Commerce,96,0,21,78.146,Comm&Mgmt,4,Yes,1,4,71.1,Yes,Mkt&Fin,Placed,
50,M,92,Others,48.77,Central,Science,98,0,21,96.901,Sci&Tech,2,Yes,1,5,90.1,Yes,Mkt&HR,Placed,264970
51,M,82.36,Central,98,Others,Commerce,84,0,21,72.302,Sci&Tech,8,Yes,1,4,98.85,Yes,Mkt&Fin,Placed,226691
52,M,92,Others,92.52,Others,Science,79,0,20,97.34,Comm&Mgmt,9,Yes,2,4,74.76,Yes,Mkt&Fin,Placed,545553
53,M,59.84,Central,73.93,Central,Science,98,0,21,87.189,Sci&Tech,1,Yes,1,3,90,Yes,SDE,Not Placed,269136
54,F,40.89,Central,71.47,Others,Science,81,0,21,75.749,Comm&Mgmt,6,Yes,2,4,94.09,Yes,Mkt&HR,Not Placed,423011
55,M,81.85,Central,59.98,Others,Commerce,90,0,22,90.811,Sci&Tech,4,Yes,2,5,82.25,Yes,Mkt&HR,Not Placed,
56,F,45.46,Central,41.45,Central,Commerce,86,4,19,71.819,Others,1,Yes,1,4,46.36,No,Mkt&HR,Not Placed,
57,F,92,Central,56.06,Others,Science,89,2,19,52.224,Comm&Mgmt,1,Yes,1,3,45.2,Yes,Jnr.DevOps,Not Placed,
58,M,92,Others,77.92,Others,Science,93,0,19,93.379,Comm&Mgmt,4,Yes,1,3,73.57,Yes,Mkt&HR,Placed,200000
59,F,40.89,Central,55.82,Others,Science,74,1,20,43.1,Comm&Mgmt,1,Yes,1,4,80,No,Mkt&Fin,Placed,
60,M,92,Central,62.3,Central,Science,96,1,20,93.612,Comm&Mgmt,1,Yes,1,4,74.17,Yes,Mkt&Fin,Placed,
61,F,92,Central,37,Others,Science,75,0,19,97.34,Comm&Mgmt,6,Yes,1,4,86.09,Yes,Mkt&Fin,Placed,259159
62,M,91.99,Central,89.31,Others,Commerce,97,0,21,97.34,Sci&Tech,9,No,2,1,91.41,Yes,Mkt&Fin,Placed,319920
63,F,58.22,Central,98,Others,Commerce,86,0,19,64.296,Comm&Mgmt,1,Yes,1,1,73.42,Yes,Mkt&Fin,Placed,307056
64,M,92,Central,50.59,Others,Commerce,98,1,19,91.664,Sci&Tech,5,Yes,4,5,75.54,Yes,Mkt&HR,Placed,304405
65,F,75.92,Central,98,Others,Science,74,0,21,74.087,Sci&Tech,7,Yes,1,4,73,Yes,Mkt&HR,Not Placed,
66,F,68.33,Others,68.47,Others,Commerce,90,0,20,74.421,Sci&Tech,8,Yes,1,3,98.85,No,Mkt&Fin,Not Placed,
67,F,67.62,Central,83.54,Others,Science,98,0,20,86.4,Comm&Mgmt,5,Yes,0,4,49.26,Yes,Jnr.DevOps,Placed,200000
68,M,40.89,Central,37,Central,Science,87,2,20,62.421,Comm&Mgmt,1,Yes,1,3,43.02,No,Mkt&Fin,Not Placed,
69,M,92,Central,98,Others,Science,98,0,21,84.865,Comm&Mgmt,6,Yes,1,4,79.11,Yes,Mkt&HR,Not Placed,340400
70,M,92,Central,67.21,Central,Arts,72,0,21,54.883,Sci&Tech,3,Yes,1,4,78.83,Yes,Mkt&HR,Not Placed,
71,M,92,Central,98,Others,Commerce,78,0,19,97.34,Comm&Mgmt,6,Yes,1,3,76.39,Yes,Mkt&Fin,Placed,312361
72,M,75.69,Central,87.18,Others,Commerce,72,0,21,96.529,Sci&Tech,10,Yes,1,4,77.59,No,Mkt&HR,Not Placed,327220
73,F,92,Central,77.85,Central,Commerce,80,0,22,77.399,Others,1,Yes,1,5,98.85,Yes,Mkt&Fin,Placed,206816
74,F,74.21,Central,79.13,Others,Commerce,86,5,19,87.688,Comm&Mgmt,4,Yes,1,3,75.08,No,Mkt&HR,Placed,221620
75,M,92,Others,58.37,Central,Commerce,64,0,19,86.418,Comm&Mgmt,8,Yes,1,3,78.96,Yes,Mkt&HR,Placed,290560
76,M,84.15,Central,42.98,Central,Commerce,69,4,19,77.372,Sci&Tech,1,Yes,1,3,91.78,Yes,Mkt&HR,Placed,200000
77,M,85.97,Central,98,Others,Commerce,98,0,22,80.986,Others,2,Yes,0,5,58.92,Yes,Mkt&Fin,Not Placed,313700
78,F,40.89,Central,53.29,Central,Commerce,88,1,19,74.543,Comm&Mgmt,1,Yes,1,3,73.12,Yes,Mkt&HR,Placed,279390
79,F,56.44,Central,50.79,Central,Science,91,0,21,43.1,Comm&Mgmt,7,Yes,2,3,74.59,Yes,Analyst,Placed,
80,M,58.82,Central,37,Central,Commerce,85,4,22,67.558,Comm&Mgmt,1,Yes,0,4,80.99,No,Mkt&HR,Not Placed,
81,M,59.98,Central,89.71,Others,Science,64,0,19,85.534,Sci&Tech,1,Yes,4,3,97.95,No,Mkt&Fin,Placed,
82,F,74.25,Central,65.79,Central,Science,72,0,19,73.927,Sci&Tech,6,Yes,4,1,83.66,No,SDE,Not Placed,
83,F,40.89,Central,98,Central,Science,98,0,21,71.194,Comm&Mgmt,6,Yes,1,3,93.97,No,Mkt&HR,Placed,200000
84,F,40.89,Central,37,Central,Science,82,0,21,84.256,Sci&Tech,6,Yes,3,4,52.26,No,Mkt&Fin,Placed,
85,M,92,Central,65.88,Central,Science,77,1,19,88.977,Comm&Mgmt,1,Yes,1,4,79.32,Yes,SDE,Not Placed,223566
86,M,92,Central,59.91,Others,Science,81,0,21,80.808,Sci&Tech,2,Yes,1,1,92.61,Yes,Mkt&Fin,Not Placed,252507
87,M,92,Central,98,Others,Commerce,93,0,21,90.635,Sci&Tech,10,Yes,2,5,43.02,Yes,Analyst,Placed,332112
88,M,86.97,Central,92.81,Others,Science,98,0,21,91.32,Sci&Tech,8,Yes,1,4,82.91,Yes,Mkt&Fin,Not Placed,
89,F,83.67,Central,62.96,Central,Commerce,65,0,21,82.45,Comm&Mgmt,1,Yes,4,3,44.33,No,SDE,Placed,480027
90,F,84.79,Central,74.87,Central,Science,98,1,19,65.641,Comm&Mgmt,1,Yes,3,3,72.83,Yes,Mkt&Fin,Placed,
91,F,75.41,Central,95.47,Central,Science,89,0,22,86.581,Comm&Mgmt,5,Yes,1,4,75.43,No,Mkt&Fin,Placed,
92,M,40.89,Central,49.95,Central,Commerce,86,0,21,77.264,Sci&Tech,1, No,1,2,61.76,Yes,SDE,Not Placed,
93,F,92,Others,81.23,Others,Science,97,0,19,86.148,Sci&Tech,9,No,2,4,78.23,Yes,Mkt&Fin,Placed,940000
94,M,91.89,Central,73.78,Others,Commerce,85,0,20,92.431,Comm&Mgmt,2,Yes,1,3,73.04,Yes,SDE,Placed,300372
95,F,73.53,Central,62.76,Others,Commerce,97,0,20,82.964,Comm&Mgmt,1,Yes,1,4,88.11,Yes,Mkt&HR,Not Placed,274077
96,M,92,Central,93.79,Central,Commerce,86,0,20,85.069,Others,7,Yes,1,2,74.78,Yes,Mkt&Fin,Placed,573246
97,F,77.9,Central,37,Central,Commerce,87,1,22,90.503,Others,1,Yes,1,3,92.26,Yes,Mkt&Fin,Placed,324589
98,M,51.77,Central,43.98,Central,Commerce,89,1,21,57.017,Comm&Mgmt,1,Yes,1,5,65.94,No,Mkt&HR,Not Placed,
99,M,62.79,Central,48.56,Others,Commerce,98,0,21,86.571,Comm&Mgmt,3,Yes,4,3,73.8,Yes,Mkt&Fin,Not Placed,
100,M,51.64,Central,41.07,Others,Science,98,0,20,70.094,Sci&Tech,1,Yes,1,4,80.35,No,Mkt&Fin,Not Placed,
101,F,71.97,Central,37,Others,Commerce,98,0,22,97.34,Comm&Mgmt,6,Yes,1,4,80.85,Yes,Analyst,Placed,221686
102,F,40.89,Others,58.34,Central,Science,98,0,20,72.518,Comm&Mgmt,1,Yes,3,3,86.17,No,Mkt&Fin,Placed,
103,M,83.1,Central,37,Others,Commerce,81,0,19,85.464,Others,8, No,2,3,52.76,Yes,Mkt&Fin,Placed,298495
104,M,92,Central,98,Others,Science,87,0,21,72.796,Comm&Mgmt,7,Yes,2,3,94.53,Yes,Mkt&HR,Placed,200000
105,M,92,Central,37,Central,Commerce,64,1,21,87.206,Comm&Mgmt,1,No,0,1,43.02,No,Mkt&HR,Not Placed,
106,F,47.31,Others,37,Others,Arts,80,1,21,80.189,Sci&Tech,1,Yes,1,1,76.91,Yes,Mkt&HR,Not Placed,
107,M,81.02,Others,98,Central,Science,89,0,19,78.533,Comm&Mgmt,6,No,4,4,81.06,Yes,Mkt&Fin,Placed,207155
108,M,87.69,Central,38.39,Others,Science,91,0,21,97.34,Others,1,Yes,4,4,71.98,Yes,Mkt&Fin,Not Placed,212641
109,M,92,Central,88.74,Others,Science,98,0,19,76.72,Comm&Mgmt,1,Yes,1,1,77.06,Yes,Mkt&HR,Not Placed,
110,M,40.89,Others,93.05,Others,Science,88,0,21,76.61,Others,1,Yes,1,3,77.13,Yes,Mkt&Fin,Not Placed,
111,F,73.06,Others,98,Others,Commerce,98,2,19,67.766,Comm&Mgmt,7,Yes,1,3,98.85,Yes,Mkt&Fin,Not Placed,
112,F,43.6,Central,61.67,Others,Commerce,98,3,21,60.772,Sci&Tech,6,Yes,1,1,85.91,No,Mkt&Fin,Not Placed,
113,M,92,Central,72.74,Others,Science,73,0,20,89.589,Comm&Mgmt,10,Yes,1,4,75.93,Yes,SDE,Placed,298373
114,M,92,Central,45.13,Others,Science,76,0,20,88.713,Comm&Mgmt,10,Yes,1,5,85.41,Yes,Analyst,Placed,337920
115,F,68.8,Others,52.85,Others,Science,75,0,22,84.666,Sci&Tech,5,Yes,2,3,98.85,No,Mkt&HR,Placed,
116,F,92,Others,72.86,Others,Science,82,0,19,97.34,Sci&Tech,10,Yes,2,4,82.19,Yes,Mkt&Fin,Placed,274600
117,F,82.19,Central,52.61,Others,Science,84,0,22,88.272,Sci&Tech,2,Yes,1,3,98.85,Yes,Mkt&Fin,Not Placed,
118,M,92,Others,98,Others,Commerce,98,0,19,88.33,Comm&Mgmt,10,Yes,1,4,73.93,Yes,Mkt&HR,Placed,285756
119,F,69.72,Central,37,Central,Commerce,87,0,19,77.616,Comm&Mgmt,1,Yes,0,1,71.3,No,Mkt&Fin,Not Placed,
120,M,62.56,Others,64.59,Central,Commerce,88,0,22,82.422,Sci&Tech,2,Yes,1,3,75,Yes,Mkt&HR,Placed,
121,M,66.24,Central,95.61,Others,Commerce,98,0,20,90.173,Comm&Mgmt,3,Yes,1,3,72.37,No,Mkt&Fin,Placed,290647
122,M,73.63,Central,63.6,Others,Science,66,5,20,95.884,Others,6,Yes,1,4,80.86,Yes,SDE,Placed,289228
123,M,83.91,Central,60.11,Others,Commerce,98,0,19,54.118,Comm&Mgmt,4,Yes,1,1,75.39,Yes,Mkt&HR,Placed,288467
124,F,68.21,Others,78.59,Others,Science,82,5,21,80.076,Sci&Tech,6,Yes,2,3,78.75,Yes,Mkt&HR,Placed,
125,M,75.68,Others,81.74,Central,Commerce,80,0,21,79.423,Comm&Mgmt,1,Yes,1,3,94.49,Yes,Mkt&Fin,Placed,
126,F,86.66,Central,92.29,Others,Science,98,0,20,93.3,Comm&Mgmt,3,Yes,4,3,74.13,Yes,Mkt&Fin,Placed,336237
127,M,92,Others,98,Others,Commerce,72,0,21,83.786,Sci&Tech,4,Yes,1,1,91.9,Yes,WebTech,Placed,292544
128,F,84.94,Central,64.73,Others,Science,90,0,20,90.271,Comm&Mgmt,10,Yes,1,4,75.67,Yes,Mkt&Fin,Not Placed,
129,F,84.38,Central,98,Central,Science,98,0,21,55.924,Comm&Mgmt,3,Yes,2,4,83.78,Yes,Mkt&HR,Placed,320101
130,F,68.96,Others,65.49,Others,Commerce,95,1,21,60.726,Sci&Tech,4, No,4,3,71.83,Yes,Mkt&HR,Placed,318400
131,F,73.84,Others,54.43,Central,Commerce,88,0,20,93.678,Sci&Tech,8,Yes,2,4,74.81,Yes,Mkt&Fin,Placed,200000
132,M,40.89,Central,56.25,Central,Science,64,0,20,80.642,Comm&Mgmt,1,Yes,4,3,85.98,Yes,Mkt&HR,Placed,
133,M,89,Central,42.02,Others,Commerce,98,0,20,88.245,Sci&Tech,1,Yes,2,4,72.56,No,Mkt&HR,Placed,200000
134,F,85.62,Central,89.28,Others,Science,80,0,20,81.524,Sci&Tech,1,Yes,1,1,89.08,Yes,Mkt&HR,Placed,307087
135,F,61.6,Central,75.55,Others,Science,91,0,20,90.039,Comm&Mgmt,5,Yes,2,3,75.1,Yes,Jnr.DevOps,Placed,272781
136,M,80.44,Central,98,Others,Science,91,0,20,74.965,Sci&Tech,7,Yes,1,4,75.27,Yes,SDE,Placed,490293
137,F,73.07,Central,37,Central,Commerce,86,0,22,63.909,Others,1,Yes,1,3,77.64,No,Mkt&HR,Placed,328202
138,M,40.89,Central,44.87,Others,Science,75,0,19,88.232,Comm&Mgmt,8,Yes,2,3,81.99,Yes,Mkt&Fin,Placed,293614
139,F,64.45,Others,98,Central,Commerce,95,5,21,77.322,Sci&Tech,3,Yes,1,3,82.18,Yes,Jnr.DevOps,Placed,274988
140,M,40.89,Central,61.99,Others,Commerce,95,0,19,87.756,Comm&Mgmt,7,Yes,4,5,85.4,Yes,Mkt&HR,Placed,
141,F,63.27,Central,49.13,Central,Commerce,90,3,20,59.802,Comm&Mgmt,1,No,1,3,48.93,No,Mkt&Fin,Not Placed,
142,M,92,Central,58.51,Central,Science,80,0,21,84.614,Comm&Mgmt,1,Yes,2,5,82.93,No,Mkt&Fin,Placed,253029
143,F,90.22,Central,64.55,Central,Science,92,0,20,75.433,Sci&Tech,1,Yes,3,4,87.16,Yes,Jnr.DevOps,Placed,270124
144,F,85.53,Central,51.84,Central,Science,88,0,22,95.062,Comm&Mgmt,1,Yes,1,2,97.15,No,Mkt&HR,Placed,285635
145,M,69.32,Others,45.75,Others,Science,80,0,21,92.545,Sci&Tech,7,Yes,0,4,94.16,No,Mkt&Fin,Placed,
146,F,92,Central,98,Others,Science,77,0,20,93.128,Comm&Mgmt,3,Yes,2,4,73.93,Yes,Analyst,Placed,300065
147,M,66.37,Central,41.99,Others,Science,81,0,21,94.817,Comm&Mgmt,10,Yes,3,3,88.15,Yes,Mkt&Fin,Placed,200000
148,M,81.54,Central,90.86,Central,Commerce,91,0,19,49.752,Sci&Tech,1,Yes,1,3,97.44,Yes,Mkt&HR,Not Placed,292475
149,F,40.89,Central,37,Central,Science,98,1,20,87.019,Comm&Mgmt,9,Yes,2,3,59.25,No,Mkt&HR,Placed,
150,F,90.04,Central,72.57,Central,Arts,98,5,19,81.618,Sci&Tech,5,No,0,4,76.13,Yes,Mkt&HR,Placed,412263
151,M,40.89,Central,62.4,Central,Commerce,98,0,19,82.241,Sci&Tech,5,Yes,1,4,43.02,Yes,SDE,Placed,
152,M,53.84,Others,76.89,Others,Science,83,0,19,66.375,Sci&Tech,1,Yes,1,4,87.49,Yes,Mkt&HR,Not Placed,290359
153,M,66.45,Central,50.01,Central,Science,98,0,19,71.235,Others,1,Yes,0,3,85.61,No,Mkt&HR,Not Placed,269880
154,F,52.21,Central,37,Central,Science,81,0,22,62.137,Sci&Tech,8,Yes,3,3,93.83,No,Jnr.DevOps,Not Placed,
155,M,84.89,Central,37,Others,Science,98,0,20,43.1,Sci&Tech,3,Yes,3,1,86.4,Yes,Mkt&HR,Placed,
156,F,92,Central,89.44,Others,Science,86,0,19,97.34,Comm&Mgmt,4,Yes,1,1,77.65,No,Mkt&HR,Placed,299033
157,M,92,Central,82.04,Others,Commerce,64,0,19,91.528,Sci&Tech,10,Yes,1,3,94.38,Yes,Mkt&Fin,Placed,273457
158,M,71.36,Central,89.23,Others,Science,84,3,20,78.363,Comm&Mgmt,2,Yes,2,5,97.85,Yes,WebTech,Not Placed,331502
159,F,92,Central,66.67,Central,Commerce,93,0,21,69.833,Comm&Mgmt,5,Yes,4,4,74.95,Yes,Mkt&HR,Placed,
160,M,67.54,Central,52.44,Others,Science,98,0,21,78.81,Others,1,Yes,2,2,43.02,No,Jnr.DevOps,Not Placed,
161,M,90.95,Central,69.74,Others,Science,65,0,21,96.176,Sci&Tech,1,Yes,2,3,86.35,No,Mkt&Fin,Placed,
162,F,77.55,Others,65.85,Central,Science,85,0,21,83.824,Comm&Mgmt,1,Yes,2,5,76.23,Yes,Mkt&Fin,Not Placed,200000
163,M,40.89,Central,38.1,Central,Science,66,0,22,66.508,Others,4,Yes,1,1,80.22,No,Mkt&HR,Not Placed,
164,M,40.89,Others,72.84,Central,Science,98,0,21,43.1,Sci&Tech,1,Yes,1,4,81.99,No,SDE,Placed,316227
165,M,40.89,Central,41.79,Others,Science,84,0,22,51.933,Comm&Mgmt,1,No,2,3,80.76,Yes,Mkt&HR,Not Placed,
166,M,40.89,Central,37,Central,Science,95,0,21,93.394,Sci&Tech,7,Yes,1,2,72.19,Yes,Mkt&HR,Placed,316518
167,M,40.89,Central,66.06,Others,Commerce,78,1,22,56.017,Others,5,Yes,0,1,95.56,Yes,SDE,Not Placed,
168,M,52.67,Central,65.04,Central,Commerce,86,0,21,71.632,Sci&Tech,6,Yes,1,3,98.68,Yes,Mkt&HR,Placed,292357
169,F,55.24,Central,98,Others,Science,88,0,21,43.1,Comm&Mgmt,7,Yes,0,3,98.85,Yes,Mkt&HR,Placed,
170,F,81.57,Central,98,Others,Commerce,94,0,21,72.801,Comm&Mgmt,5,Yes,1,1,57.26,No,Mkt&HR,Not Placed,
171,M,54.61,Central,69.44,Others,Commerce,80,0,22,71.757,Comm&Mgmt,8,Yes,0,3,92.51,No,Mkt&Fin,Not Placed,554699
172,M,92,Central,92.07,Others,Science,76,0,19,78.965,Comm&Mgmt,5,Yes,1,3,81.16,Yes,Mkt&HR,Placed,
173,M,88.63,Central,61.38,Central,Commerce,67,0,19,83.539,Sci&Tech,5,Yes,1,3,84.57,Yes,Analyst,Placed,237146
174,F,48.07,Central,48.64,Central,Science,79,1,22,64.575,Sci&Tech,1,Yes,0,1,92.93,Yes,Mkt&HR,Not Placed,
175,M,92,Central,91.75,Others,Science,74,0,21,96.4,Sci&Tech,5,Yes,4,3,98.85,Yes,Mkt&Fin,Placed,279132
176,M,65.74,Central,39.97,Central,Commerce,91,1,19,92.213,Comm&Mgmt,4,Yes,1,4,84.61,Yes,Mkt&Fin,Not Placed,244738
177,M,92,Central,98,Others,Commerce,91,5,19,77.425,Comm&Mgmt,1,Yes,1,3,76.55,No,Mkt&HR,Placed,
178,F,49.24,Central,50.43,Central,Science,72,2,19,77.742,Others,6,Yes,1,4,52.38,No,Mkt&Fin,Placed,
179,F,47.67,Central,59.58,Others,Commerce,98,1,20,49.199,Comm&Mgmt,1,Yes,0,4,69.94,Yes,Mkt&Fin,Not Placed,281649
180,M,43.49,Central,37,Central,Arts,94,0,21,80.112,Comm&Mgmt,3,Yes,1,3,76.52,Yes,Mkt&Fin,Placed,200000
181,M,68.94,Central,38.58,Others,Commerce,98,0,20,88.684,Others,5,Yes,2,2,72.83,Yes,Mkt&HR,Not Placed,305713
182,F,62.98,Others,37,Others,Science,90,0,22,46.261,Sci&Tech,1,Yes,4,4,82.61,Yes,SDE,Placed,
183,M,48.25,Central,37,Central,Science,98,0,22,97.34,Sci&Tech,1,Yes,1,4,76.9,Yes,Jnr.DevOps,Not Placed,
184,M,40.89,Central,37,Central,Commerce,87,0,20,85.503,Comm&Mgmt,1,Yes,1,3,71.33,No,Mkt&HR,Not Placed,330477
185,M,92,Central,37,Central,Science,92,0,20,78.524,Comm&Mgmt,5,Yes,3,3,90.48,Yes,WebTech,Placed,242813
186,M,92,Others,90.65,Others,Commerce,87,0,20,90.201,Sci&Tech,2,Yes,1,5,81.66,Yes,Mkt&HR,Placed,274469
187,M,74.49,Central,39.73,Central,Science,64,0,19,89.106,Sci&Tech,8,Yes,2,3,97.67,Yes,Mkt&HR,Placed,268353
188,F,54.95,Central,52.14,Central,Science,98,0,22,81.608,Sci&Tech,7,Yes,1,1,94.53,No,Mkt&Fin,Placed,
189,M,72.97,Others,43.65,Central,Commerce,90,0,19,67.834,Comm&Mgmt,9,Yes,1,1,52.6,No,Mkt&HR,Placed,
190,F,89.93,Central,97.01,Others,Commerce,87,1,22,84.275,Sci&Tech,1,Yes,2,4,83.15,Yes,Mkt&HR,Not Placed,306743
191,F,44.68,Central,37,Central,Science,97,2,22,87.696,Others,4,Yes,0,3,58.01,Yes,Mkt&HR,Not Placed,
192,F,92,Central,84.52,Others,Commerce,90,0,19,70.09,Sci&Tech,4,Yes,2,4,43.02,No,Mkt&Fin,Not Placed,316099
193,M,46.3,Central,57.56,Others,Commerce,80,0,21,80.018,Sci&Tech,5,Yes,1,3,76.63,Yes,Mkt&Fin,Placed,261939
194,M,92,Others,58.63,Others,Science,83,0,21,93.964,Sci&Tech,4,Yes,2,5,86.09,Yes,Mkt&Fin,Placed,
195,F,87.79,Central,89.72,Central,Commerce,98,0,21,87.767,Sci&Tech,5,Yes,1,3,79.53,Yes,Mkt&Fin,Placed,314446
196,F,49.76,Central,52.56,Others,Commerce,82,0,19,85.766,Comm&Mgmt,2,Yes,1,3,74.65,Yes,Mkt&Fin,Not Placed,321000
197,M,80.85,Others,69.72,Central,Arts,98,1,19,85.18,Comm&Mgmt,5,Yes,1,2,43.02,No,Mkt&HR,Not Placed,
198,M,62.04,Central,75.72,Central,Science,98,1,19,46.861,Sci&Tech,1,Yes,1,3,44.53,Yes,Mkt&HR,Not Placed,
199,M,51.62,Central,76.79,Others,Commerce,67,0,20,79.049,Sci&Tech,5,Yes,1,2,69.79,Yes,Mkt&Fin,Placed,322941
200,M,78.67,Central,81.74,Others,Science,82,0,19,83.453,Comm&Mgmt,1,Yes,1,3,94.79,Yes,Mkt&Fin,Placed,262226
201,M,89.8,Central,48.88,Others,Science,98,0,21,81.593,Comm&Mgmt,5,Yes,1,4,43.02,Yes,Mkt&HR,Placed,309094
202,M,71.55,Others,56.58,Others,Science,98,1,19,75.381,Sci&Tech,1,Yes,0,4,87.31,Yes,WebTech,Placed,293863
203,F,68.85,Central,71.61,Others,Commerce,95,5,21,72.547,Comm&Mgmt,8,Yes,2,3,75.8,Yes,Mkt&HR,Placed,337545
204,M,85.65,Central,73.48,Others,Science,98,0,21,64.253,Sci&Tech,7,No,1,1,78.81,Yes,Mkt&Fin,Placed,293018
205,F,79.48,Central,98,Others,Science,79,0,20,88.42,Comm&Mgmt,2,Yes,1,4,81.8,Yes,Mkt&HR,Not Placed,302904
206,F,78.12,Central,61.56,Others,Arts,89,0,21,93.321,Comm&Mgmt,1,Yes,1,3,86.43,Yes,Mkt&Fin,Placed,200000
207,M,87.43,Central,59.61,Others,Science,89,5,21,86.363,Sci&Tech,5,Yes,1,4,84.68,No,Mkt&HR,Placed,
208,F,92,Others,93.14,Central,Arts,88,0,19,75.297,Comm&Mgmt,5,Yes,1,4,73.37,Yes,SDE,Placed,
209,M,92,Central,98,Others,Arts,98,0,19,95.448,Comm&Mgmt,7,Yes,4,4,87.08,Yes,Mkt&Fin,Placed,290055
210,M,79.02,Central,50.43,Central,Science,98,0,20,54.078,Comm&Mgmt,6,Yes,1,3,87.59,Yes,SDE,Placed,
211,M,92,Central,78.9,Others,Commerce,81,0,22,81.591,Others,8,Yes,2,3,79.62,Yes,Mkt&Fin,Placed,408395
212,M,86.78,Central,69.28,Others,Science,97,2,20,93.192,Sci&Tech,9,Yes,1,5,80.6,Yes,WebTech,Placed,253163
213,F,90.12,Others,69.99,Central,Science,98,0,21,66.933,Others,2,Yes,3,5,59.58,No,Mkt&Fin,Placed,
214,F,40.89,Central,37,Central,Science,98,1,20,65.8,Sci&Tech,1,Yes,1,1,70.22,No,Analyst,Not Placed,
215,M,85.75,Central,42.53,Others,Science,88,0,20,97.34,Others,6,No,1,4,43.02,Yes,Mkt&Fin,Placed,220674
216,M,73.23,Central,95.4,Others,Arts,98,4,19,85.316,Sci&Tech,7,Yes,2,3,59.18,Yes,Mkt&Fin,Placed,313015
217,F,92,Central,53.03,Central,Science,68,0,19,80.88,Comm&Mgmt,10,Yes,3,5,98.85,Yes,Mkt&HR,Placed,
218,M,73.67,Others,45.36,Others,Science,98,0,22,89.578,Sci&Tech,5,Yes,2,3,78.12,Yes,Analyst,Placed,237414
219,M,43.44,Others,43.73,Others,Science,73,0,19,68.552,Comm&Mgmt,1,Yes,3,3,84.34,Yes,Mkt&Fin,Placed,
220,M,40.89,Central,37,Others,Commerce,98,0,22,85.355,Comm&Mgmt,1,Yes,0,1,46.61,Yes,Mkt&HR,Not Placed,
221,M,92,Others,98,Central,Science,94,0,19,94.779,Comm&Mgmt,1,Yes,2,4,85.49,Yes,Mkt&Fin,Placed,208617
222,M,92,Central,98,Others,Science,68,0,19,97.34,Comm&Mgmt,6,Yes,4,4,84.08,Yes,Mkt&HR,Placed,
223,M,58.09,Others,45.11,Others,Science,84,0,20,53.43,Sci&Tech,1,Yes,0,2,97.29,Yes,Mkt&HR,Not Placed,328881
224,M,76.66,Central,37,Others,Science,92,0,22,87.391,Comm&Mgmt,1,Yes,2,4,71.08,No,Mkt&HR,Not Placed,317841
225,M,76.6,Central,74.58,Others,Commerce,98,0,21,80.97,Sci&Tech,3,Yes,2,3,88.78,Yes,Mkt&HR,Placed,305776
226,M,92,Central,74.44,Others,Science,98,0,20,89.67,Sci&Tech,4,Yes,1,4,85.16,Yes,Analyst,Placed,203804
227,M,84.97,Central,37,Others,Commerce,64,1,21,97.34,Comm&Mgmt,3,Yes,1,2,80.39,Yes,Mkt&Fin,Placed,257296
228,F,74.96,Others,95.6,Others,Commerce,98,0,21,77.227,Sci&Tech,8,Yes,1,4,74.2,Yes,Mkt&HR,Placed,
229,F,92,Others,41.08,Others,Science,77,0,19,97.34,Sci&Tech,4,Yes,2,4,96.08,Yes,Mkt&Fin,Placed,
230,M,92,Others,50.61,Others,Science,94,0,19,97.34,Sci&Tech,2,Yes,4,5,71.61,Yes,Analyst,Placed,247860
231,M,81.46,Central,71.09,Others,Science,98,0,21,77.935,Sci&Tech,1,Yes,1,4,77.55,Yes,Mkt&Fin,Placed,298741
232,M,80.85,Central,50.97,Others,Science,82,0,20,64.716,Comm&Mgmt,10,Yes,2,4,93.07,Yes,Mkt&Fin,Not Placed,456750
233,M,59.23,Central,46.38,Others,Science,75,1,21,57.107,Comm&Mgmt,1,Yes,1,3,74.79,Yes,Mkt&Fin,Not Placed,292085
234,M,53.71,Central,51.41,Others,Commerce,89,0,20,79.018,Comm&Mgmt,1,Yes,0,1,73.18,No,Mkt&HR,Not Placed,300861
235,F,88.56,Others,84.59,Others,Science,82,0,19,75.539,Comm&Mgmt,7, No,2,4,94.01,Yes,Mkt&HR,Placed,356087
236,M,89.96,Central,98,Others,Science,98,0,20,97.34,Others,1,Yes,2,5,74.61,Yes,Mkt&HR,Not Placed,305162
237,M,91.61,Central,37,Others,Science,74,0,19,87.254,Comm&Mgmt,1,No,2,3,45.67,Yes,Mkt&HR,Placed,276908
238,M,40.89,Central,37,Central,Commerce,79,1,19,64.891,Sci&Tech,4,Yes,1,1,62.27,No,Mkt&Fin,Not Placed,
239,M,89.58,Central,66.19,Central,Commerce,74,0,21,43.1,Comm&Mgmt,1,Yes,1,3,82.38,Yes,Mkt&Fin,Not Placed,294640
240,F,92,Central,96.93,Others,Science,97,0,21,95.663,Comm&Mgmt,3,Yes,1,4,81.84,Yes,Mkt&Fin,Placed,277187
241,M,92,Central,49.89,Others,Commerce,98,0,21,93.836,Sci&Tech,8,Yes,3,4,95.91,Yes,Mkt&HR,Placed,455408
242,M,60.15,Central,37,Central,Science,83,5,22,84.434,Comm&Mgmt,1,Yes,1,3,62.98,Yes,SDE,Not Placed,269472
243,M,91.2,Central,77.98,Others,Commerce,82,0,19,90.289,Sci&Tech,6,No,2,3,90.38,Yes,Mkt&Fin,Not Placed,267903
244,M,67.38,Others,92.65,Others,Science,90,0,19,62.948,Sci&Tech,10,Yes,1,3,98.48,No,Mkt&Fin,Placed,
245,M,63.77,Central,98,Central,Arts,88,0,21,82.016,Sci&Tech,10,Yes,4,4,94.4,Yes,Mkt&Fin,Not Placed,288814
246,F,40.89,Central,43.04,Others,Science,86,1,22,87.793,Comm&Mgmt,4,Yes,4,1,86.56,Yes,Jnr.DevOps,Not Placed,311400
247,M,56.94,Others,37,Others,Science,89,1,19,44.838,Sci&Tech,2,Yes,0,3,96.16,Yes,SDE,Not Placed,
248,M,92,Central,65.3,Others,Commerce,98,0,22,76.1,Comm&Mgmt,5,Yes,2,4,56.96,No,Analyst,Placed,330042
249,M,74.02,Central,81.5,Others,Commerce,98,0,19,83.37,Sci&Tech,6,Yes,1,1,76.36,Yes,Mkt&Fin,Not Placed,319090
250,F,40.89,Others,49.07,Others,Science,98,1,22,72.937,Comm&Mgmt,7,Yes,1,1,75.93,Yes,WebTech,Not Placed,
251,M,86.5,Central,98,Others,Science,83,0,21,97.34,Sci&Tech,9,Yes,2,3,76.45,Yes,Mkt&Fin,Placed,221888
252,M,43.76,Others,40.65,Others,Science,90,1,19,62.541,Comm&Mgmt,4,Yes,1,3,87.22,Yes,Mkt&HR,Placed,297008
253,M,56.88,Central,39.77,Others,Commerce,84,0,21,74.663,Sci&Tech,9,Yes,1,5,83.35,No,Mkt&Fin,Not Placed,
254,M,89.16,Central,81.98,Others,Science,98,0,21,97.34,Comm&Mgmt,4,Yes,1,3,67.42,Yes,Jnr.DevOps,Placed,507963
255,M,43.23,Central,40.57,Central,Commerce,98,0,20,78.244,Comm&Mgmt,8,Yes,0,3,53.62,Yes,Analyst,Not Placed,
256,M,67.8,Central,98,Others,Commerce,98,0,20,90.361,Comm&Mgmt,7,Yes,1,4,85.92,No,Mkt&HR,Placed,249506
257,M,61.34,Central,58.95,Central,Science,90,0,19,66.184,Comm&Mgmt,1,Yes,2,1,81.1,Yes,SDE,Not Placed,
258,M,92,Central,98,Others,Science,82,0,19,97.34,Sci&Tech,4,No,2,4,79.09,Yes,Mkt&Fin,Placed,261062
259,M,92,Central,94.07,Central,Science,98,0,19,87.743,Comm&Mgmt,3,Yes,2,4,72.39,Yes,Mkt&Fin,Not Placed,299870
260,F,91.64,Central,37,Central,Science,81,0,22,81.03,Comm&Mgmt,1,No,1,3,43.91,Yes,Mkt&Fin,Not Placed,
261,M,74.4,Others,90.49,Central,Science,98,4,19,43.1,Comm&Mgmt,1,Yes,1,1,43.02,No,Analyst,Not Placed,
262,M,46.58,Central,37,Others,Commerce,98,0,22,80.321,Comm&Mgmt,6,Yes,0,3,72.01,No,Mkt&HR,Not Placed,
263,M,86.43,Central,75.03,Others,Commerce,98,1,20,78.808,Comm&Mgmt,6,Yes,2,4,93.89,No,Mkt&Fin,Placed,284265
264,F,52.8,Central,81.52,Others,Science,77,0,21,73.04,Sci&Tech,5,Yes,1,5,87.92,Yes,Mkt&HR,Not Placed,327331
265,F,57.65,Others,44.54,Central,Commerce,98,0,19,83.779,Comm&Mgmt,7,Yes,0,5,92.84,Yes,Mkt&Fin,Placed,200000
266,F,40.89,Central,37,Central,Science,75,0,19,72.799,Sci&Tech,4,Yes,1,3,81.88,No,Mkt&Fin,Not Placed,
267,M,60.62,Central,37,Others,Commerce,91,0,20,95.723,Comm&Mgmt,1,Yes,1,4,78.4,Yes,Mkt&Fin,Not Placed,
268,M,92,Others,98,Others,Science,98,0,20,86.162,Sci&Tech,1,Yes,2,1,85.69,Yes,Mkt&Fin,Placed,310978
269,F,40.89,Central,76.67,Central,Science,91,2,22,67.484,Comm&Mgmt,5,Yes,0,1,63.57,Yes,SDE,Not Placed,
270,M,59.43,Central,37,Others,Commerce,89,0,20,64.138,Comm&Mgmt,1, No,4,5,78.31,No,SDE,Placed,
271,M,92,Others,62.44,Others,Commerce,77,0,20,85.966,Sci&Tech,2,Yes,1,3,91.78,Yes,Mkt&HR,Placed,357992
272,M,64.68,Central,46.95,Central,Science,98,0,22,72.957,Comm&Mgmt,1,Yes,1,4,44.7,Yes,Mkt&HR,Not Placed,
273,M,63.32,Others,66.84,Others,Commerce,71,0,19,82.512,Sci&Tech,7,Yes,4,5,83.27,Yes,Mkt&Fin,Placed,311903
274,M,92,Others,48.05,Others,Commerce,88,0,20,97.34,Sci&Tech,3,Yes,2,4,74.16,Yes,Analyst,Placed,266251
275,M,73.8,Central,38.19,Central,Science,94,0,20,78.734,Sci&Tech,1,Yes,2,4,76.64,Yes,Mkt&Fin,Placed,298420
276,M,92,Others,58.39,Central,Science,80,0,20,76.92,Sci&Tech,7,Yes,1,5,84.87,Yes,Mkt&Fin,Placed,282132
277,M,40.89,Central,37,Central,Science,98,1,22,65.339,Sci&Tech,1,Yes,2,3,72.88,No,Mkt&HR,Not Placed,
278,F,47.96,Central,52.23,Central,Commerce,77,5,21,72.239,Others,5,Yes,1,2,79.62,Yes,Mkt&HR,Placed,200000
279,M,72.8,Central,63.3,Others,Commerce,88,0,20,71.669,Sci&Tech,1,Yes,0,3,83.38,No,Mkt&HR,Placed,
280,M,92,Central,37,Central,Science,64,0,22,79.116,Sci&Tech,5,Yes,1,3,95.7,Yes,Mkt&HR,Placed,254861
281,F,40.89,Others,37.34,Others,Science,98,1,21,44.693,Comm&Mgmt,3,No,1,3,73.74,No,Mkt&Fin,Placed,325839
282,M,88.44,Central,83.73,Others,Arts,67,0,21,97.34,Comm&Mgmt,10,Yes,2,4,46.79,Yes,Mkt&HR,Placed,321082
283,M,40.89,Others,37,Others,Commerce,98,0,19,75.053,Sci&Tech,1,Yes,0,3,43.27,No,Mkt&HR,Not Placed,
284,M,61.75,Central,65.81,Central,Science,90,0,21,79.299,Comm&Mgmt,6,No,1,4,90.14,Yes,Mkt&Fin,Not Placed,297549
285,F,74.65,Central,37,Others,Commerce,96,0,22,82.645,Comm&Mgmt,1,Yes,0,3,79.13,No,Mkt&HR,Placed,216405
286,F,92,Others,90.34,Central,Science,92,0,19,89.97,Sci&Tech,6,Yes,2,3,83.76,Yes,Mkt&Fin,Placed,258070
287,F,86.06,Others,72.05,Central,Commerce,64,0,19,92.578,Comm&Mgmt,4,No,1,4,81.16,Yes,Mkt&HR,Placed,
288,F,90.68,Central,37,Others,Commerce,64,0,19,93.42,Comm&Mgmt,6,Yes,1,4,74.14,Yes,SDE,Placed,
289,F,92,Central,69.94,Others,Science,77,0,20,97.34,Sci&Tech,4,Yes,1,4,81.79,Yes,WebTech,Not Placed,
290,M,92,Central,53.61,Central,Commerce,77,0,21,74.657,Comm&Mgmt,3,Yes,1,4,95.64,Yes,Mkt&HR,Placed,200000
291,M,56.19,Central,84.18,Central,Commerce,98,0,21,75.458,Sci&Tech,6,Yes,0,3,52.87,Yes,Mkt&HR,Placed,
292,F,92,Central,42.97,Others,Science,98,0,20,86.515,Sci&Tech,4,No,1,4,49.16,No,Mkt&HR,Not Placed,
293,M,83.47,Central,56.91,Others,Science,98,0,21,77.483,Comm&Mgmt,9,Yes,4,3,93.44,Yes,Mkt&Fin,Placed,207704
294,M,84.12,Central,74.95,Others,Commerce,95,0,22,72.062,Sci&Tech,7,Yes,1,2,92.3,Yes,SDE,Placed,288238
295,M,92,Central,90.79,Others,Science,64,0,21,91.557,Sci&Tech,10,Yes,2,4,83.96,Yes,Mkt&Fin,Placed,273301
296,M,49.54,Others,55.13,Others,Science,96,1,20,85.831,Sci&Tech,1,Yes,1,4,64.25,Yes,Mkt&HR,Placed,290152
297,M,82.45,Central,83.74,Central,Commerce,74,1,21,81.592,Comm&Mgmt,4,Yes,2,4,76.04,Yes,Mkt&HR,Not Placed,
298,M,55.59,Central,54.7,Central,Science,88,0,19,78.808,Comm&Mgmt,8,Yes,1,3,98.85,No,Mkt&Fin,Not Placed,255564
299,M,40.89,Central,37,Central,Science,89,0,20,67.266,Sci&Tech,1,Yes,3,3,83.94,No,Mkt&Fin,Not Placed,371460
300,F,73.42,Central,98,Central,Science,73,0,19,76.806,Comm&Mgmt,4,Yes,1,4,75.32,Yes,Mkt&HR,Not Placed,280742
301,F,92,Others,94.68,Central,Science,84,0,22,97.34,Comm&Mgmt,6,Yes,2,2,79.75,Yes,Mkt&HR,Not Placed,296346
302,M,92,Central,98,Others,Science,94,0,19,86.796,Sci&Tech,6,Yes,1,4,79.14,Yes,Mkt&Fin,Not Placed,264402
303,F,60.23,Central,98,Others,Commerce,89,1,20,48.242,Comm&Mgmt,2,Yes,2,3,98.85,No,Mkt&Fin,Placed,
304,M,69.46,Central,85.82,Central,Commerce,90,0,19,87.32,Others,1,Yes,2,4,84.59,Yes,Mkt&HR,Placed,217203
305,F,71.2,Central,37.31,Others,Commerce,90,1,21,90.475,Comm&Mgmt,4,Yes,1,3,77.85,Yes,Analyst,Placed,552772
306,M,77.3,Central,75.44,Central,Science,77,0,21,83.238,Sci&Tech,1,Yes,4,3,43.02,Yes,Analyst,Placed,
307,M,87.47,Central,37,Others,Science,93,0,22,96.587,Comm&Mgmt,4,Yes,1,3,85.21,Yes,Mkt&Fin,Placed,
308,M,59.58,Central,50.07,Central,Commerce,98,0,21,83.043,Comm&Mgmt,1,Yes,2,3,43.02,Yes,WebTech,Not Placed,
309,M,50.71,Central,56.99,Central,Commerce,66,0,19,74.361,Comm&Mgmt,1,Yes,4,1,80.23,Yes,Mkt&HR,Not Placed,
310,M,92,Others,98,Others,Commerce,86,0,20,80.769,Sci&Tech,6,Yes,2,3,95.9,Yes,Analyst,Placed,260257
311,M,74.85,Central,79.03,Others,Science,92,0,21,83.051,Sci&Tech,2,Yes,1,3,87.88,Yes,Mkt&Fin,Placed,551690
312,M,75.87,Central,76.98,Others,Science,92,0,21,75.299,Sci&Tech,1,Yes,1,1,92.91,Yes,Analyst,Placed,
313,F,92,Central,98,Others,Science,83,0,19,85.284,Others,4,Yes,1,4,83.13,Yes,Analyst,Placed,261321
314,M,70.52,Central,52.5,Others,Commerce,64,5,19,96.5,Others,1,Yes,2,5,87.4,Yes,Mkt&Fin,Placed,273692
315,M,92,Central,98,Others,Commerce,97,1,19,88.114,Comm&Mgmt,1, No,2,3,83.5,Yes,Mkt&Fin,Placed,458312
316,F,40.89,Central,61.02,Others,Commerce,71,0,19,55.168,Comm&Mgmt,2,Yes,1,3,73.72,Yes,Mkt&HR,Placed,
317,F,47.22,Central,42.93,Others,Commerce,89,1,21,85.794,Sci&Tech,2,Yes,0,2,43.54,Yes,Mkt&Fin,Placed,
318,F,40.89,Central,39.64,Others,Science,89,1,20,68.428,Others,5,Yes,1,4,62.56,No,Mkt&HR,Not Placed,290760
319,M,77.45,Central,37,Central,Commerce,98,0,22,71.024,Comm&Mgmt,7,Yes,2,5,82.02,Yes,Mkt&Fin,Not Placed,
320,M,79.66,Central,37,Central,Science,91,0,21,70.915,Comm&Mgmt,1,Yes,0,1,76.14,Yes,Mkt&HR,Placed,
321,M,91.53,Central,98,Others,Science,94,0,21,82.181,Sci&Tech,1,Yes,1,5,98.85,Yes,Mkt&HR,Placed,296976
322,M,40.89,Others,97.75,Central,Commerce,98,0,20,83.723,Sci&Tech,5,Yes,1,4,55.89,No,Mkt&HR,Not Placed,
323,M,92,Central,75.8,Others,Science,77,5,19,79.234,Comm&Mgmt,3,Yes,1,4,90.5,Yes,Jnr.DevOps,Placed,290193
324,M,62.96,Central,37,Others,Science,85,0,22,83.475,Sci&Tech,1,Yes,1,3,57.65,No,Mkt&HR,Not Placed,
325,F,80.6,Central,98,Others,Science,64,1,21,91.529,Comm&Mgmt,3,Yes,1,3,92.37,Yes,Analyst,Placed,327202
326,M,92,Central,98,Others,Commerce,74,1,19,93.163,Others,8,Yes,2,5,85.13,Yes,Mkt&Fin,Placed,271901
327,M,40.89,Central,51.62,Central,Science,98,1,19,71.191,Comm&Mgmt,8, No,2,1,98.85,Yes,Mkt&Fin,Placed,298297
328,M,61.4,Central,96.77,Others,Commerce,98,0,20,76.687,Comm&Mgmt,1, No,1,3,82.41,Yes,Mkt&HR,Not Placed,260662
329,M,88.31,Central,58.83,Others,Commerce,98,0,20,84.442,Sci&Tech,8,Yes,1,5,79.77,Yes,Analyst,Not Placed,258793
330,M,64.86,Central,77.22,Central,Science,98,0,19,94.119,Comm&Mgmt,6,Yes,1,3,72.06,Yes,Mkt&HR,Not Placed,
331,M,92,Central,37,Central,Commerce,64,0,21,91.729,Others,7,Yes,4,2,92.24,Yes,Mkt&Fin,Placed,286243
332,F,47.54,Others,37.09,Others,Science,67,0,19,84.893,Comm&Mgmt,3,Yes,1,1,43.02,No,Mkt&Fin,Not Placed,289869
333,F,60.58,Central,65.9,Central,Commerce,85,0,19,75.846,Others,4,Yes,2,4,88.76,No,Mkt&Fin,Not Placed,310757
334,F,92,Central,37,Central,Commerce,98,1,21,97.34,Comm&Mgmt,6,Yes,2,4,79.51,Yes,Mkt&Fin,Placed,229248
335,F,50.46,Central,84.47,Others,Science,98,1,22,69.228,Sci&Tech,4,Yes,1,3,75.97,Yes,Mkt&HR,Placed,313223
336,F,82.36,Central,56.22,Others,Science,73,2,21,75.782,Comm&Mgmt,4,Yes,1,3,96.71,Yes,Mkt&HR,Placed,
337,M,72.78,Others,86.15,Others,Commerce,80,0,20,43.112,Comm&Mgmt,6,Yes,1,4,88.06,Yes,Mkt&HR,Placed,
338,F,80.1,Others,38.68,Central,Commerce,92,0,20,45.197,Sci&Tech,1,Yes,2,3,95.65,No,SDE,Not Placed,
339,F,40.89,Central,60.63,Central,Science,98,4,20,69.688,Sci&Tech,4,Yes,1,1,92.94,Yes,Mkt&HR,Not Placed,306331
340,F,53.94,Central,75.31,Central,Commerce,87,1,22,86.794,Comm&Mgmt,2,Yes,4,5,80.78,Yes,Jnr.DevOps,Not Placed,
341,M,88.25,Central,37,Others,Science,90,0,19,92.919,Sci&Tech,6,Yes,2,4,43.02,Yes,Mkt&HR,Placed,233725
342,M,66.84,Central,55.91,Central,Commerce,71,0,19,89.375,Comm&Mgmt,1,Yes,4,3,43.02,Yes,Mkt&HR,Not Placed,
343,F,88.48,Others,75.96,Others,Science,74,1,20,60.004,Others,1,Yes,2,1,62.11,No,Jnr.DevOps,Not Placed,
344,M,92,Central,98,Others,Science,68,0,21,88.119,Sci&Tech,7,Yes,4,3,85.73,Yes,Mkt&Fin,Placed,204403
345,M,72.98,Central,96.9,Others,Science,98,0,19,91.162,Sci&Tech,1,Yes,1,3,87.45,Yes,Mkt&HR,Not Placed,324643
346,M,92,Others,85.18,Others,Science,96,0,20,97.34,Sci&Tech,9,No,2,3,78.66,Yes,Mkt&HR,Placed,241209
347,M,43.75,Central,41.02,Others,Science,98,1,20,83.841,Others,1,Yes,1,4,63.92,No,SDE,Not Placed,288638
348,F,92,Others,43.6,Others,Science,69,0,22,83.744,Comm&Mgmt,1,Yes,1,1,90.43,Yes,Mkt&Fin,Not Placed,
349,M,73.64,Others,76.47,Others,Commerce,78,1,19,92.569,Comm&Mgmt,8,Yes,1,3,43.02,Yes,Mkt&HR,Placed,298811
350,F,88.15,Central,64.59,Central,Commerce,64,0,19,88.131,Comm&Mgmt,2,No,4,3,82.51,Yes,Jnr.DevOps,Placed,297077
351,M,91.28,Central,86.29,Central,Commerce,92,0,20,82.046,Comm&Mgmt,8,Yes,2,3,85.43,Yes,Analyst,Placed,236482
352,M,92,Central,98,Others,Commerce,82,0,19,59.463,Comm&Mgmt,8,Yes,1,3,98.85,No,Mkt&Fin,Placed,240184
353,M,74.77,Central,96.27,Others,Science,92,0,22,73.974,Sci&Tech,7,Yes,1,1,96.92,Yes,Mkt&Fin,Not Placed,
354,F,92,Central,83.45,Others,Commerce,93,0,19,89.537,Sci&Tech,9,Yes,1,3,85.16,Yes,Mkt&HR,Placed,277284
355,M,40.89,Central,47.82,Others,Science,91,0,20,70.95,Sci&Tech,7,Yes,1,3,86.68,No,Mkt&Fin,Not Placed,
356,M,91.97,Central,70.32,Others,Science,81,0,19,59.513,Comm&Mgmt,1,Yes,1,1,43.02,Yes,WebTech,Not Placed,304771
357,F,90.85,Central,94.32,Central,Commerce,98,0,22,73.316,Comm&Mgmt,2,Yes,2,4,71.55,Yes,SDE,Not Placed,322253
358,F,89.39,Central,44.85,Others,Arts,73,1,22,80.982,Sci&Tech,1,Yes,1,3,46.73,No,Mkt&HR,Placed,
359,M,86.63,Central,53.41,Central,Commerce,73,0,22,63.466,Sci&Tech,9,Yes,4,3,94.85,Yes,Mkt&Fin,Not Placed,333281
360,F,50.11,Central,77.63,Others,Commerce,98,0,19,93.93,Comm&Mgmt,4,Yes,1,3,75.33,Yes,Mkt&Fin,Placed,275793
361,M,54.05,Others,79.99,Others,Science,88,0,21,83.709,Sci&Tech,4,Yes,2,5,75.1,Yes,Mkt&HR,Placed,326336
362,M,40.89,Central,45.77,Central,Science,94,0,21,86.082,Sci&Tech,5,Yes,1,1,43.02,No,Jnr.DevOps,Not Placed,297849
363,M,91.73,Central,60.07,Others,Science,98,0,21,90.516,Sci&Tech,3,Yes,1,4,76.69,Yes,SDE,Not Placed,235869
364,M,47.15,Others,39.51,Others,Commerce,98,1,21,76.799,Comm&Mgmt,9,Yes,1,3,43.02,Yes,Mkt&HR,Not Placed,
365,F,66.11,Central,45.54,Others,Commerce,96,0,21,76.872,Comm&Mgmt,10,Yes,1,1,73.98,Yes,Mkt&Fin,Not Placed,
366,M,48.02,Others,56.15,Central,Commerce,98,1,20,64.46,Comm&Mgmt,1,Yes,1,3,81.91,No,Mkt&HR,Not Placed,
367,M,66.69,Others,44.68,Central,Commerce,86,0,19,78.12,Sci&Tech,1,Yes,1,3,85.71,Yes,Mkt&Fin,Placed,
368,M,42.38,Central,37,Others,Arts,97,0,20,85.04,Sci&Tech,1,Yes,4,1,77.02,Yes,Mkt&Fin,Not Placed,200000
369,M,92,Central,78.17,Others,Commerce,76,0,20,90.649,Comm&Mgmt,4,Yes,2,3,73.16,Yes,Analyst,Placed,
370,M,53.58,Central,73.69,Central,Science,98,0,19,87.236,Sci&Tech,5,Yes,2,5,70.28,Yes,Mkt&HR,Not Placed,
371,M,59.69,Central,84.01,Central,Science,89,0,21,67.354,Sci&Tech,9,Yes,2,3,83.69,Yes,Mkt&HR,Placed,283753
372,M,72.39,Central,92.19,Others,Science,85,0,19,84.704,Sci&Tech,8,Yes,4,3,98.85,Yes,Mkt&Fin,Placed,268412
373,M,80.05,Central,87.58,Others,Science,94,0,21,97.34,Others,8,Yes,4,3,79.72,Yes,Mkt&HR,Placed,940000
374,M,50.77,Central,66.27,Central,Science,98,3,21,43.1,Comm&Mgmt,1,Yes,1,1,88.44,Yes,Mkt&HR,Not Placed,
375,M,69.11,Others,49.84,Others,Science,83,0,20,81.388,Comm&Mgmt,1,Yes,4,1,87.21,Yes,Mkt&HR,Placed,295512
376,M,89.16,Others,79.42,Others,Science,93,0,21,81.97,Sci&Tech,4,Yes,2,4,77.84,Yes,Mkt&HR,Placed,257760
377,M,64.63,Central,77.08,Others,Commerce,98,1,20,82.252,Sci&Tech,1,Yes,3,1,97.75,Yes,Analyst,Not Placed,
378,M,46.86,Central,39.79,Others,Science,98,0,19,93.629,Sci&Tech,1,Yes,1,4,83.07,Yes,Mkt&Fin,Placed,318728
379,M,92,Central,56.74,Others,Science,98,0,19,97.34,Sci&Tech,6,Yes,1,4,79.57,Yes,Mkt&Fin,Placed,216009
380,M,40.89,Central,49.38,Others,Science,87,0,22,70.629,Comm&Mgmt,4,Yes,0,1,55.54,No,WebTech,Not Placed,
381,F,74.04,Central,83.42,Central,Science,89,1,20,81.081,Comm&Mgmt,1,Yes,1,3,98.85,Yes,Mkt&HR,Not Placed,
382,M,45.3,Central,55.89,Central,Arts,85,0,21,57.161,Comm&Mgmt,1,No,1,3,43.02,No,SDE,Not Placed,
383,F,79.12,Central,64.01,Others,Science,98,1,21,78.279,Comm&Mgmt,1,Yes,1,3,77.7,No,Jnr.DevOps,Not Placed,
384,M,80.25,Others,76.23,Others,Commerce,78,0,21,91.607,Sci&Tech,9,No,1,4,89.21,Yes,Mkt&Fin,Placed,320137
385,M,92,Others,49.35,Others,Science,69,0,21,97.34,Sci&Tech,10,Yes,0,4,84.42,Yes,Mkt&Fin,Placed,492473
386,M,74.82,Central,82.5,Others,Commerce,81,1,21,74.27,Comm&Mgmt,6,Yes,3,5,72.47,No,Jnr.DevOps,Placed,273500
387,M,43.7,Central,79.79,Central,Science,78,0,20,43.1,Sci&Tech,4,Yes,0,5,98.85,Yes,Analyst,Not Placed,309991
388,M,48.18,Others,70.37,Others,Commerce,98,0,22,79.007,Sci&Tech,1,Yes,1,4,43.02,No,Mkt&Fin,Placed,
389,M,81.49,Central,37,Others,Science,76,0,21,90.256,Comm&Mgmt,2,Yes,1,1,98.53,No,Mkt&HR,Not Placed,
390,M,61.38,Others,37,Central,Commerce,79,1,19,86.408,Comm&Mgmt,3,Yes,1,3,83.28,No,Jnr.DevOps,Not Placed,
391,F,92,Central,68.86,Others,Science,74,0,19,51.512,Comm&Mgmt,4,Yes,2,3,78.25,Yes,Mkt&HR,Not Placed,
392,M,79.12,Central,37,Central,Commerce,95,0,21,83.994,Others,6,Yes,2,3,87.01,Yes,SDE,Placed,321559
393,M,92,Central,39.08,Others,Science,77,1,20,75.092,Comm&Mgmt,1,Yes,3,3,54.79,Yes,SDE,Not Placed,
394,M,40.89,Others,98,Central,Commerce,98,0,19,74.125,Comm&Mgmt,1,Yes,2,4,85.79,Yes,Mkt&Fin,Placed,294628
395,M,92,Central,76.63,Others,Science,96,1,21,97.34,Sci&Tech,4,Yes,1,4,69.43,Yes,Mkt&HR,Placed,224519
396,M,69.89,Others,50.75,Others,Science,83,0,21,97.34,Comm&Mgmt,6,No,1,4,95.31,Yes,Mkt&HR,Not Placed,278760
397,M,76.34,Central,37,Central,Science,98,0,21,93.223,Comm&Mgmt,3,Yes,1,3,77.8,Yes,WebTech,Placed,296654
398,M,85.7,Central,56.38,Central,Science,85,0,21,64.08,Comm&Mgmt,1,Yes,2,4,68.88,Yes,Mkt&HR,Not Placed,
399,F,88.54,Central,79.87,Central,Science,98,0,20,76.574,Comm&Mgmt,2,Yes,0,3,68.94,No,Mkt&HR,Not Placed,258123
400,M,91.98,Central,98,Others,Commerce,98,0,21,76.473,Comm&Mgmt,4,Yes,2,3,78.17,Yes,Mkt&Fin,Placed,248859
401,M,91.76,Central,86.45,Central,Commerce,95,1,19,65.787,Sci&Tech,1,Yes,2,4,51.68,Yes,Mkt&HR,Not Placed,
402,M,91.84,Central,65.25,Others,Science,83,0,21,85.875,Sci&Tech,2,Yes,4,3,86.4,Yes,Mkt&Fin,Placed,288811
403,F,92,Central,95.96,Central,Commerce,64,0,20,70.68,Comm&Mgmt,6,Yes,1,3,66.31,Yes,WebTech,Not Placed,
404,M,92,Central,72.23,Others,Commerce,98,0,20,86.289,Sci&Tech,2,Yes,2,3,88.79,Yes,Mkt&Fin,Placed,317396
405,F,41.89,Central,88.82,Others,Science,84,0,22,75.773,Sci&Tech,1,Yes,1,1,61.76,No,Mkt&Fin,Not Placed,
406,M,63.43,Central,37,Others,Science,70,5,19,88.485,Sci&Tech,1,Yes,1,4,45.4,Yes,Mkt&HR,Placed,
407,M,59.7,Central,38.28,Central,Commerce,71,0,21,76.983,Comm&Mgmt,1,Yes,1,4,87.29,No,Mkt&HR,Not Placed,268684
408,F,92,Central,70.3,Central,Science,82,0,19,87.637,Sci&Tech,5,Yes,1,1,92.51,No,Jnr.DevOps,Not Placed,
409,F,92,Central,98,Others,Commerce,89,0,21,90.885,Others,10,Yes,1,4,89.96,Yes,Mkt&Fin,Placed,237034
410,M,88.48,Central,89.19,Others,Commerce,98,0,19,97.34,Sci&Tech,9,No,1,3,76.26,Yes,Mkt&HR,Placed,316892
411,M,92,Central,49.75,Central,Arts,79,0,20,92.359,Comm&Mgmt,5,Yes,1,3,97.93,Yes,Mkt&Fin,Placed,
412,F,40.89,Central,55.98,Others,Science,98,5,21,78.785,Sci&Tech,1,No,1,4,76.31,No,Mkt&HR,Not Placed,303539
413,F,40.89,Central,56.1,Others,Commerce,80,2,22,75.304,Sci&Tech,7,Yes,2,4,83.55,Yes,Mkt&HR,Not Placed,
414,F,43.88,Central,89.38,Others,Science,85,0,20,48.602,Comm&Mgmt,1,Yes,1,1,70.58,Yes,Mkt&HR,Not Placed,292535
415,M,92,Central,76.38,Others,Science,98,3,20,85.687,Sci&Tech,2,Yes,2,5,79.94,Yes,Mkt&Fin,Placed,200000
416,M,65.88,Central,51.18,Central,Commerce,91,0,22,75.137,Comm&Mgmt,5,Yes,2,3,85.92,Yes,Mkt&Fin,Placed,321219
417,M,58.39,Others,37,Central,Science,88,0,19,78.726,Sci&Tech,1,Yes,0,1,77.39,No,Mkt&Fin,Placed,
418,F,52.56,Central,58.14,Central,Arts,86,1,19,72.402,Others,3,Yes,4,1,89.23,Yes,Mkt&HR,Placed,
419,M,87.04,Others,66.07,Central,Commerce,96,0,20,76.346,Comm&Mgmt,6,Yes,1,3,98.85,No,Jnr.DevOps,Not Placed,261468
420,M,67.61,Others,37,Others,Arts,74,1,22,96.182,Sci&Tech,4,Yes,4,3,61.61,No,Mkt&Fin,Not Placed,
421,M,59.74,Central,77.02,Central,Science,98,0,21,84.538,Others,3,No,1,5,76.97,Yes,Mkt&Fin,Placed,
422,M,92,Others,72.83,Central,Science,82,0,20,70.269,Comm&Mgmt,6,Yes,2,4,75.27,Yes,Mkt&HR,Not Placed,435241
423,M,77.44,Others,81.65,Central,Science,73,0,21,97.34,Sci&Tech,9,Yes,1,3,79.88,No,Mkt&Fin,Placed,275599
424,F,52.07,Central,49.94,Central,Commerce,90,0,21,91.209,Comm&Mgmt,1,No,1,4,81.95,No,Mkt&Fin,Placed,
425,F,61.57,Others,98,Central,Science,98,0,21,78.524,Comm&Mgmt,5,No,4,5,93.14,Yes,Mkt&Fin,Placed,313668
426,M,92,Central,69.97,Others,Science,92,0,20,88.179,Sci&Tech,1,Yes,2,2,70.44,Yes,Mkt&Fin,Placed,301071
427,F,57.68,Central,37,Central,Commerce,83,5,21,43.1,Comm&Mgmt,4,Yes,1,3,98.85,Yes,Mkt&HR,Not Placed,
428,M,50.18,Central,81.69,Others,Science,95,0,19,89.242,Sci&Tech,4,Yes,2,5,74.6,Yes,Analyst,Placed,
429,M,78.35,Central,98,Central,Commerce,77,0,21,93.832,Sci&Tech,8,Yes,2,4,84.77,Yes,Mkt&Fin,Placed,221232
430,M,92,Others,98,Others,Commerce,71,0,20,97.34,Sci&Tech,2,Yes,1,2,79.21,Yes,SDE,Placed,320972
431,F,92,Central,54.2,Central,Arts,64,0,19,87.022,Sci&Tech,6,Yes,2,3,94.63,No,Mkt&Fin,Not Placed,200714
432,F,92,Central,88.12,Central,Commerce,89,0,21,78.078,Sci&Tech,4,Yes,2,3,98.85,Yes,Mkt&HR,Placed,203246
433,M,86.42,Central,98,Others,Arts,78,0,20,91.6,Sci&Tech,5,Yes,2,3,78.75,Yes,Mkt&Fin,Placed,313575
434,M,91.8,Central,71.3,Others,Commerce,98,0,20,80.445,Comm&Mgmt,5,Yes,2,3,43.02,Yes,SDE,Placed,
435,F,62.14,Central,98,Central,Commerce,98,0,22,81.289,Sci&Tech,7,Yes,1,1,74.5,Yes,Mkt&Fin,Placed,328147
436,M,86.69,Others,81.67,Others,Commerce,95,0,21,68.886,Sci&Tech,6,Yes,1,5,78.96,Yes,Mkt&HR,Placed,928506
437,F,92,Central,85.92,Others,Science,98,0,21,63.104,Comm&Mgmt,1,Yes,0,1,71.18,Yes,WebTech,Not Placed,277898
438,M,89.77,Central,69.27,Central,Science,98,0,21,78.953,Others,7,Yes,1,4,89.3,Yes,Analyst,Placed,245380
439,M,40.89,Others,52.84,Central,Commerce,98,0,22,70.506,Comm&Mgmt,7,Yes,1,3,78.48,Yes,Mkt&HR,Placed,210244
440,F,92,Others,72.27,Central,Science,98,0,21,91.183,Sci&Tech,5,Yes,2,2,82.66,Yes,Mkt&Fin,Placed,373237
441,F,48.37,Central,41.94,Others,Commerce,98,0,21,75.642,Comm&Mgmt,1,Yes,1,1,68.53,No,Mkt&Fin,Placed,327635
442,M,88.05,Central,70.83,Others,Science,98,0,22,55.155,Sci&Tech,4,Yes,2,4,76.97,Yes,Mkt&HR,Placed,297735
443,M,67.17,Central,98,Others,Science,93,0,22,60.937,Sci&Tech,4,Yes,2,3,76.37,No,Mkt&HR,Placed,
444,M,67.21,Others,98,Others,Science,64,0,19,89.367,Comm&Mgmt,8,Yes,1,4,74.24,Yes,Jnr.DevOps,Placed,315909
445,F,90.83,Central,44.02,Others,Science,82,0,20,92.327,Comm&Mgmt,4,Yes,4,3,69.44,Yes,Mkt&Fin,Placed,308048
446,M,83.58,Central,98,Others,Science,64,0,20,93.162,Comm&Mgmt,4,Yes,4,4,80.43,Yes,Mkt&Fin,Placed,325962
447,M,45.82,Others,42.15,Others,Commerce,98,0,19,97.34,Sci&Tech,10,Yes,2,5,98.85,Yes,Mkt&Fin,Not Placed,200000
448,F,71.98,Central,60.61,Others,Commerce,66,1,22,60.025,Others,1,Yes,1,4,98.85,Yes,SDE,Not Placed,
449,M,92,Others,63.15,Others,Commerce,77,0,19,90.531,Comm&Mgmt,5,Yes,1,4,46.49,Yes,Mkt&Fin,Placed,318216
450,M,79.85,Central,73.92,Others,Arts,98,0,20,43.1,Comm&Mgmt,3,Yes,1,1,95.77,No,Mkt&HR,Not Placed,
451,M,74.67,Others,98,Others,Commerce,64,1,21,73.925,Sci&Tech,1,No,1,4,78.2,Yes,Mkt&Fin,Placed,300706
452,M,40.89,Others,53.25,Central,Science,89,0,21,43.116,Sci&Tech,1,Yes,1,3,43.02,Yes,Mkt&HR,Placed,
453,F,92,Central,98,Others,Commerce,85,0,21,66.455,Sci&Tech,4,Yes,1,1,79,Yes,Mkt&HR,Placed,302636
454,M,71.24,Central,37,Others,Science,85,0,20,97.34,Sci&Tech,5,Yes,2,4,86.52,Yes,Mkt&Fin,Not Placed,335757
455,M,45.62,Central,64.25,Others,Science,95,0,21,82.415,Sci&Tech,6,No,1,3,95.14,Yes,Mkt&HR,Placed,557808
456,F,76.6,Central,37,Others,Science,87,0,21,87.553,Sci&Tech,1,Yes,1,4,82.5,Yes,Mkt&Fin,Not Placed,
457,F,83.68,Central,37,Others,Science,70,5,19,74.638,Comm&Mgmt,1,Yes,1,3,91.94,No,Mkt&HR,Not Placed,
458,M,50.7,Others,50.57,Central,Science,94,4,19,78.777,Comm&Mgmt,1,Yes,2,5,90.64,No,Mkt&Fin,Placed,
459,M,58.29,Central,80.87,Others,Science,98,0,21,57.49,Comm&Mgmt,3,Yes,1,4,65.28,Yes,Mkt&HR,Not Placed,
460,M,62.54,Central,47.47,Central,Commerce,87,0,20,76.66,Comm&Mgmt,1,Yes,1,3,48.29,Yes,SDE,Not Placed,
461,F,51.24,Central,50.72,Central,Commerce,94,1,21,43.1,Sci&Tech,1,Yes,1,3,52.08,Yes,SDE,Not Placed,
462,M,40.89,Others,98,Others,Commerce,98,4,21,43.1,Comm&Mgmt,2,Yes,0,3,56.99,No,Jnr.DevOps,Not Placed,
463,M,92,Central,94.03,Others,Science,98,3,19,82.173,Comm&Mgmt,6,Yes,1,5,77.41,Yes,Mkt&Fin,Placed,294973
464,F,40.89,Central,51.78,Central,Commerce,98,0,20,75.012,Sci&Tech,7,No,2,2,88.62,Yes,Mkt&Fin,Placed,286642
465,M,60.58,Central,41.01,Others,Commerce,92,0,19,91.002,Comm&Mgmt,2,Yes,1,2,43.02,Yes,Mkt&HR,Placed,515542
466,M,86.5,Central,58.2,Others,Commerce,71,0,19,72.019,Sci&Tech,1,Yes,1,4,98.85,Yes,WebTech,Not Placed,
467,M,87.94,Others,61.95,Central,Science,83,1,19,61.174,Others,1,Yes,1,3,52.04,Yes,Mkt&Fin,Not Placed,266470
468,F,75.95,Central,54.16,Central,Science,98,0,21,85.265,Comm&Mgmt,1,Yes,2,2,75.12,No,SDE,Placed,258811
469,M,92,Central,85.7,Central,Science,69,0,20,89.103,Sci&Tech,1,No,3,3,76.24,Yes,Mkt&Fin,Placed,258564
470,M,45.08,Central,83,Others,Science,86,2,22,43.1,Comm&Mgmt,1,Yes,1,3,92.02,No,Mkt&HR,Not Placed,
471,M,56.4,Central,87.32,Central,Commerce,92,1,21,43.1,Others,1,Yes,3,3,80.01,Yes,SDE,Not Placed,
472,M,46.14,Central,46.71,Central,Commerce,87,0,21,70.039,Others,1,Yes,1,5,76.41,Yes,SDE,Not Placed,278836
473,M,52.22,Central,57.77,Central,Science,64,0,22,71.629,Sci&Tech,1,Yes,1,5,85.75,Yes,Mkt&HR,Placed,255049
474,F,74.39,Central,64.77,Others,Arts,82,0,20,76.407,Sci&Tech,4,Yes,2,3,91.72,Yes,Mkt&Fin,Placed,
475,M,92,Central,98,Central,Science,92,1,19,66.071,Comm&Mgmt,4,Yes,2,1,77.74,No,Mkt&Fin,Placed,259025
476,F,88.16,Central,98,Central,Science,70,0,21,88.634,Comm&Mgmt,3,Yes,3,5,67.96,Yes,Mkt&HR,Placed,320512
477,F,67.53,Central,62.67,Others,Commerce,88,0,20,91.054,Others,9,Yes,1,4,95.03,Yes,Mkt&HR,Not Placed,281335
478,M,66.62,Others,58.28,Central,Commerce,98,1,20,93.728,Comm&Mgmt,2,Yes,2,3,90.17,Yes,Analyst,Placed,292069
479,M,81.32,Central,98,Others,Science,75,0,19,61.93,Comm&Mgmt,4,Yes,1,3,88.61,Yes,Jnr.DevOps,Not Placed,277624
480,M,60.16,Central,47.46,Central,Science,90,0,22,87.188,Sci&Tech,5,Yes,0,3,98.84,Yes,Jnr.DevOps,Placed,
481,M,40.89,Others,75.28,Others,Commerce,98,0,19,43.1,Comm&Mgmt,1,Yes,1,5,49.06,Yes,Mkt&HR,Not Placed,
482,M,92,Others,37,Others,Science,77,0,21,86.812,Comm&Mgmt,5,Yes,0,4,76.32,Yes,Mkt&Fin,Placed,224064
483,M,69.45,Others,37,Others,Commerce,77,0,19,68.752,Comm&Mgmt,1,Yes,1,5,89.25,Yes,Mkt&HR,Placed,
484,F,90.72,Central,98,Central,Science,73,0,22,95.211,Sci&Tech,1,Yes,2,3,78.87,Yes,WebTech,Placed,200000
485,M,92,Central,37,Central,Commerce,84,1,21,70.177,Comm&Mgmt,3,Yes,3,4,98.6,Yes,Mkt&Fin,Placed,321566
486,M,76.54,Central,52.74,Central,Commerce,85,0,22,92.228,Sci&Tech,6,Yes,3,3,90.44,Yes,Mkt&Fin,Not Placed,260702
487,M,40.89,Central,50.15,Central,Science,69,0,21,43.1,Sci&Tech,3,Yes,1,3,49.87,No,Analyst,Not Placed,
488,M,92,Central,65.05,Others,Commerce,84,0,21,89.795,Sci&Tech,1,No,3,4,72.44,Yes,SDE,Placed,319740
489,M,42.8,Central,70.37,Central,Science,69,2,21,86.352,Sci&Tech,2,Yes,1,3,96.19,Yes,Mkt&HR,Placed,
490,M,88.01,Others,91.62,Others,Arts,98,0,20,92.607,Comm&Mgmt,4,Yes,1,4,73.27,No,SDE,Placed,
491,F,92,Others,91.79,Others,Science,75,0,21,83.061,Sci&Tech,5,Yes,1,3,80.05,Yes,Analyst,Placed,322153
492,M,75.47,Central,98,Central,Commerce,98,2,21,79.867,Sci&Tech,1,Yes,2,4,77.25,Yes,Mkt&HR,Placed,
493,F,52.66,Central,71.9,Central,Science,75,0,21,71.136,Comm&Mgmt,3,Yes,1,3,77.9,Yes,Mkt&Fin,Not Placed,296329
494,F,42.05,Central,61.21,Others,Commerce,89,0,22,85.715,Comm&Mgmt,1,Yes,1,3,43.02,Yes,Mkt&Fin,Not Placed,
495,M,92,Central,37,Others,Science,79,0,21,96.272,Sci&Tech,7,Yes,1,1,87.85,Yes,Mkt&Fin,Placed,310918
496,M,92,Central,93.28,Central,Commerce,72,0,20,89.087,Others,7,Yes,1,5,72.25,Yes,Mkt&Fin,Placed,330697
497,M,91.16,Central,37,Others,Commerce,78,0,19,54.19,Comm&Mgmt,1,Yes,0,1,86.3,No,SDE,Not Placed,
498,M,87.6,Central,98,Others,Commerce,79,3,22,81.456,Comm&Mgmt,7,Yes,4,4,80.15,Yes,Mkt&Fin,Placed,
499,F,53.78,Others,56.82,Others,Science,91,0,21,69.43,Sci&Tech,1,Yes,1,4,68.87,No,Mkt&HR,Placed,279734
500,M,92,Others,98,Others,Commerce,71,0,20,97.34,Sci&Tech,6,Yes,2,5,85.28,Yes,Mkt&Fin,Placed,271635
501,M,65.99,Central,47.1,Central,Science,85,5,20,52.964,Comm&Mgmt,4,Yes,2,3,77.52,No,Jnr.DevOps,Not Placed,248331
502,M,92,Central,86.81,Central,Commerce,83,0,19,97.34,Sci&Tech,1,Yes,3,5,68.47,Yes,Mkt&Fin,Placed,253663
503,F,57.55,Others,55.23,Others,Commerce,64,0,21,82.224,Comm&Mgmt,8,Yes,4,4,92.38,Yes,Mkt&HR,Not Placed,307071
504,M,92,Central,43.75,Central,Commerce,88,0,19,81.203,Sci&Tech,1, No,0,4,83.77,Yes,Mkt&Fin,Placed,
505,M,55.27,Central,42.79,Central,Science,88,3,22,43.1,Sci&Tech,3,Yes,1,3,87.15,No,Mkt&Fin,Not Placed,
506,M,78.3,Central,98,Central,Commerce,98,1,19,68.344,Sci&Tech,1,Yes,4,3,76.18,No,Analyst,Placed,305448
507,F,83.2,Central,98,Others,Science,87,0,21,89.511,Comm&Mgmt,1,Yes,2,4,73.62,Yes,Mkt&Fin,Placed,
508,M,74.97,Central,98,Others,Commerce,98,1,20,50.291,Others,5,Yes,0,4,77.31,No,Mkt&Fin,Placed,
509,M,44.31,Central,60.05,Central,Science,93,0,20,68.683,Comm&Mgmt,7,Yes,1,2,43.02,No,WebTech,Placed,
510,F,60.89,Others,52.76,Others,Commerce,96,5,22,66.005,Comm&Mgmt,4,Yes,2,3,59.28,No,Mkt&Fin,Placed,
511,F,92,Central,98,Central,Science,81,0,19,53.908,Sci&Tech,1,No,1,3,79.72,Yes,Mkt&Fin,Placed,302431
512,F,51.99,Central,37.58,Central,Commerce,98,0,19,79.581,Comm&Mgmt,1,Yes,1,5,82.76,Yes,Mkt&HR,Placed,
513,F,92,Others,54.17,Central,Commerce,72,0,21,97.01,Comm&Mgmt,4,Yes,1,3,73.75,Yes,SDE,Placed,292455
514,M,80.7,Central,45.35,Others,Commerce,76,0,20,86.101,Others,10,Yes,4,5,79.26,Yes,Mkt&HR,Placed,262283
515,F,62.28,Central,54.09,Others,Arts,86,1,19,64.413,Comm&Mgmt,1,No,3,4,95.74,Yes,Analyst,Not Placed,
516,M,59.96,Central,37,Others,Commerce,98,0,22,89.519,Comm&Mgmt,2,Yes,1,1,56.45,No,Mkt&HR,Not Placed,
517,M,80.07,Central,98,Central,Commerce,82,0,21,80.461,Comm&Mgmt,8,Yes,0,3,86.26,Yes,SDE,Placed,279191
518,M,87.21,Others,67.85,Others,Science,98,1,22,85.793,Comm&Mgmt,9,Yes,3,5,88.72,No,Mkt&HR,Placed,307071
519,M,67.89,Central,37,Central,Commerce,82,0,19,75.237,Comm&Mgmt,1,Yes,0,1,72.19,Yes,Mkt&Fin,Placed,
520,M,40.89,Central,37,Others,Commerce,98,1,21,92.103,Comm&Mgmt,1,Yes,1,2,44.15,No,Mkt&HR,Not Placed,
521,M,53.7,Central,73.27,Others,Commerce,75,0,19,71.675,Comm&Mgmt,7,Yes,0,4,98.18,Yes,Mkt&HR,Not Placed,
522,F,92,Central,98,Others,Commerce,92,0,19,97.158,Sci&Tech,10,No,2,4,68.43,Yes,Mkt&Fin,Placed,304690
523,M,92,Others,73.77,Central,Science,64,1,21,68.295,Comm&Mgmt,10,Yes,2,1,84.38,Yes,Mkt&HR,Placed,
524,M,70.79,Central,96.41,Central,Commerce,98,0,19,81.95,Comm&Mgmt,4,Yes,2,5,89.99,Yes,Mkt&HR,Placed,
525,F,92,Others,74.6,Central,Science,68,0,20,88.396,Comm&Mgmt,4,Yes,2,3,86.24,Yes,Mkt&Fin,Placed,322818
526,M,88.93,Others,73.69,Others,Commerce,82,0,20,67.259,Others,7,Yes,1,4,90.02,Yes,Mkt&HR,Not Placed,281687
527,M,51.43,Central,37,Central,Commerce,87,2,22,46.941,Sci&Tech,1,Yes,1,2,43.02,No,Mkt&Fin,Placed,
528,M,49.67,Central,85.07,Others,Science,90,0,19,85.786,Comm&Mgmt,4,Yes,1,1,85.14,Yes,Mkt&Fin,Placed,
529,M,92,Central,95.27,Others,Commerce,64,0,19,43.1,Comm&Mgmt,6,Yes,2,3,91.05,Yes,Mkt&HR,Placed,
530,M,77.8,Central,98,Others,Commerce,83,1,20,43.1,Comm&Mgmt,4,Yes,2,4,98.85,Yes,Mkt&Fin,Placed,
531,M,75.34,Central,67.83,Others,Science,94,0,20,97.34,Comm&Mgmt,10,Yes,2,5,91.14,Yes,Mkt&Fin,Placed,200000
532,M,90.56,Others,58.47,Others,Science,79,0,20,97.34,Sci&Tech,5,Yes,4,5,74.12,Yes,Mkt&Fin,Placed,200000
533,M,79.36,Others,98,Central,Commerce,98,2,21,79.195,Comm&Mgmt,2,Yes,1,2,78.15,No,Mkt&HR,Placed,259989
534,M,42.69,Central,38.23,Central,Commerce,88,2,21,43.1,Sci&Tech,3,Yes,1,2,77.3,Yes,Mkt&HR,Placed,
535,F,92,Central,65.83,Central,Science,98,0,20,86.298,Comm&Mgmt,8,Yes,1,4,88.36,Yes,Mkt&Fin,Placed,
536,M,82.43,Central,56.19,Others,Science,66,0,20,91.519,Comm&Mgmt,1,Yes,4,4,85.28,Yes,Mkt&Fin,Placed,435524
537,F,82.81,Central,49.52,Central,Science,77,0,21,76.624,Others,1,Yes,1,1,70.42,No,Mkt&HR,Not Placed,
538,M,78.8,Others,44.94,Central,Commerce,98,0,19,91.709,Others,1,Yes,4,2,67.85,Yes,Mkt&Fin,Placed,200000
539,F,85.12,Central,37,Others,Commerce,79,1,19,73.863,Comm&Mgmt,1,Yes,1,1,77.95,Yes,Mkt&HR,Placed,
540,M,61.21,Central,55.78,Central,Science,88,0,20,73.43,Comm&Mgmt,1,Yes,1,4,77.32,Yes,Mkt&Fin,Not Placed,299980
541,M,85.36,Central,37,Central,Science,82,3,22,52.344,Comm&Mgmt,1,Yes,2,1,78.16,Yes,Mkt&HR,Placed,
542,M,40.89,Others,51.27,Central,Science,66,0,19,43.1,Sci&Tech,1,Yes,1,2,74.69,Yes,Mkt&HR,Not Placed,329666
543,M,83.18,Central,63.28,Others,Commerce,68,0,19,95.252,Sci&Tech,4,Yes,1,4,87.83,Yes,Mkt&HR,Placed,
544,M,92,Others,68.25,Others,Arts,95,0,19,82.357,Sci&Tech,2,Yes,1,5,77.69,Yes,Mkt&Fin,Placed,321821
545,M,81.27,Central,96.5,Others,Science,78,0,19,79.166,Comm&Mgmt,7,Yes,1,5,94.68,Yes,Mkt&Fin,Placed,292156
546,M,92,Others,98,Others,Science,84,0,20,97.34,Comm&Mgmt,9,Yes,4,1,83.77,Yes,Mkt&HR,Placed,215302
547,M,92,Central,62.64,Others,Commerce,84,1,20,73.864,Sci&Tech,1,Yes,0,3,66.03,Yes,Mkt&Fin,Placed,
548,M,89.08,Central,71.57,Others,Science,93,0,22,96.168,Sci&Tech,4,Yes,3,3,43.02,Yes,Mkt&Fin,Placed,
549,F,40.89,Central,51.92,Others,Arts,88,0,22,68.509,Others,5,Yes,0,2,80.79,Yes,Mkt&HR,Not Placed,283343
550,F,78.15,Others,56.78,Others,Science,69,1,21,75.953,Sci&Tech,6, No,1,3,71.6,No,Jnr.DevOps,Placed,
551,F,79.67,Central,98,Central,Commerce,90,0,21,76.789,Sci&Tech,4,Yes,1,3,80.8,Yes,Analyst,Not Placed,
552,F,69.38,Central,52.33,Others,Science,79,0,20,88.584,Sci&Tech,1,Yes,1,4,97.9,Yes,Mkt&Fin,Placed,294168
553,M,79.88,Central,81.12,Others,Commerce,98,0,21,74.977,Sci&Tech,6,No,0,1,98.85,Yes,Mkt&HR,Not Placed,311748
554,M,81.66,Central,98,Central,Science,80,0,21,90.509,Comm&Mgmt,5,Yes,2,4,77.79,Yes,Mkt&Fin,Placed,317366
555,M,40.89,Central,84.97,Others,Commerce,75,4,21,67.778,Sci&Tech,7,Yes,2,3,74.24,Yes,Mkt&HR,Placed,305923
556,M,47.07,Central,71.11,Others,Commerce,98,0,21,70.619,Comm&Mgmt,8,Yes,4,1,91.72,Yes,Mkt&HR,Not Placed,
557,M,83.26,Central,75.24,Central,Commerce,90,0,20,96.404,Comm&Mgmt,10,Yes,1,2,93.69,Yes,Jnr.DevOps,Placed,200000
558,M,55.89,Central,81,Others,Commerce,93,0,22,78.854,Sci&Tech,2,No,0,5,79.21,Yes,Mkt&Fin,Placed,444727
559,M,76.18,Central,37,Others,Commerce,81,0,19,97.34,Comm&Mgmt,1,Yes,2,4,87.93,Yes,Mkt&HR,Placed,237939
560,F,69.52,Others,37,Central,Science,68,5,21,66.5,Sci&Tech,7,No,1,1,73.76,No,Mkt&HR,Not Placed,
561,M,92,Central,37,Central,Arts,98,0,20,93.997,Sci&Tech,1,Yes,0,4,88.21,No,Mkt&Fin,Not Placed,312799
562,M,84.19,Central,66.99,Others,Science,75,0,20,80.368,Sci&Tech,1,Yes,1,4,88.62,Yes,Mkt&HR,Placed,
563,M,92,Central,73.49,Others,Commerce,98,0,22,84.686,Comm&Mgmt,10,No,1,5,94.28,Yes,Mkt&Fin,Placed,216718
564,M,40.89,Central,89.86,Central,Science,98,0,22,70.713,Comm&Mgmt,6,Yes,2,3,69.54,Yes,SDE,Placed,325848
565,M,92,Others,92.71,Central,Science,78,0,19,81.845,Comm&Mgmt,1,Yes,1,4,89.85,Yes,Mkt&Fin,Placed,303341
566,M,92,Central,68.88,Others,Science,98,3,21,91.194,Comm&Mgmt,8,Yes,0,4,74.56,No,SDE,Not Placed,
567,F,53.48,Central,37,Central,Science,90,1,20,52.654,Comm&Mgmt,1,Yes,1,2,51.92,No,Mkt&Fin,Not Placed,246983
568,F,89.42,Central,55.24,Others,Commerce,98,0,19,72.086,Comm&Mgmt,4,Yes,1,3,57.51,Yes,Mkt&Fin,Placed,
569,M,92,Central,98,Others,Science,70,0,21,97.34,Comm&Mgmt,2,Yes,1,1,92.38,Yes,Mkt&Fin,Placed,231987
570,F,40.89,Central,51.14,Others,Science,82,0,19,76.412,Others,1,Yes,0,1,56.02,Yes,Mkt&HR,Placed,330191
571,F,41.74,Others,98,Central,Commerce,82,0,20,64.462,Sci&Tech,1,Yes,1,1,85.54,Yes,Mkt&HR,Placed,
572,M,77.26,Others,53.54,Others,Commerce,98,0,20,73.28,Comm&Mgmt,7,Yes,2,1,94.23,No,Mkt&Fin,Not Placed,
573,M,90.93,Others,80.63,Others,Science,89,0,20,97.34,Others,10,No,2,5,75.34,Yes,Mkt&Fin,Placed,244415
574,M,47.39,Others,87.29,Central,Science,86,0,21,52.545,Comm&Mgmt,3,Yes,1,5,55.39,Yes,Jnr.DevOps,Not Placed,
575,M,92,Others,98,Others,Science,97,0,20,91.221,Sci&Tech,2,Yes,2,3,75.68,Yes,Mkt&Fin,Placed,297134
576,M,92,Central,84.67,Central,Commerce,85,0,20,97.34,Sci&Tech,4,Yes,1,4,62.74,Yes,Mkt&Fin,Not Placed,200000
577,M,92,Central,98,Others,Science,98,0,19,83.323,Sci&Tech,8,Yes,2,4,73.14,Yes,SDE,Placed,284051
578,M,48.02,Central,37,Others,Science,98,1,19,79.237,Comm&Mgmt,8,Yes,2,4,68.47,Yes,Mkt&HR,Not Placed,304179
579,M,86.59,Central,98,Others,Commerce,68,0,21,92.411,Comm&Mgmt,10,No,2,5,98.85,Yes,SDE,Placed,318895
580,M,40.89,Others,50.48,Others,Science,82,0,21,43.1,Sci&Tech,1,Yes,1,1,70.75,Yes,Mkt&HR,Not Placed,321811
581,M,60.74,Central,44.32,Others,Science,98,1,20,72.884,Sci&Tech,5,Yes,1,4,80.94,Yes,SDE,Placed,268702
582,F,92,Central,47.35,Others,Science,94,0,22,93.5,Comm&Mgmt,2,Yes,2,5,84.17,Yes,Mkt&Fin,Placed,307731
583,M,78.46,Central,42.71,Others,Science,98,0,19,84.953,Comm&Mgmt,8,Yes,1,4,81.22,Yes,Mkt&HR,Not Placed,293848
584,F,40.89,Central,37,Central,Science,91,5,21,43.608,Comm&Mgmt,1,Yes,1,3,43.02,No,Mkt&HR,Not Placed,
585,F,92,Others,69.9,Central,Science,98,0,19,97.34,Comm&Mgmt,9,Yes,2,1,90.85,No,Mkt&Fin,Placed,264396
586,M,68.55,Central,98,Others,Science,98,2,21,97.34,Comm&Mgmt,10,Yes,1,3,77.43,Yes,Analyst,Placed,316450
587,F,69.46,Central,41.34,Central,Commerce,72,0,21,43.1,Others,1,Yes,0,3,98.85,No,Mkt&Fin,Not Placed,255586
588,M,84.49,Central,37,Others,Science,94,1,20,71.46,Comm&Mgmt,1,Yes,1,2,79.16,Yes,Mkt&HR,Placed,
589,M,92,Central,44.62,Central,Science,87,0,21,50.984,Sci&Tech,4,Yes,1,3,93.7,No,Mkt&Fin,Placed,
590,M,92,Central,83.24,Others,Commerce,79,0,19,91.122,Comm&Mgmt,6,Yes,2,4,77.45,Yes,Mkt&HR,Placed,207700
591,M,74.14,Central,84.63,Central,Commerce,80,0,19,83.106,Comm&Mgmt,1,Yes,1,3,72.39,No,Mkt&Fin,Placed,251339
592,F,92,Central,44.87,Central,Science,80,0,20,97.34,Sci&Tech,2,Yes,1,4,76.61,Yes,SDE,Not Placed,223891
593,M,82.03,Others,49,Others,Science,98,1,21,97.34,Others,4,Yes,1,3,67.28,Yes,Analyst,Placed,394749
594,M,65.52,Central,91.05,Central,Commerce,98,0,19,97.34,Sci&Tech,7,Yes,4,3,77.91,Yes,Mkt&Fin,Placed,599806
595,M,67,Central,56.81,Central,Science,83,0,21,72.487,Sci&Tech,1,No,2,5,97.58,Yes,Mkt&HR,Placed,
596,M,92,Others,98,Central,Science,98,0,19,97.34,Sci&Tech,10,Yes,0,4,81.96,Yes,Mkt&Fin,Placed,287264
597,M,84.18,Central,75.06,Others,Science,98,4,21,43.1,Comm&Mgmt,1,Yes,1,4,47.96,Yes,SDE,Placed,
598,M,40.89,Central,37,Others,Science,88,1,21,86.188,Comm&Mgmt,2,Yes,1,2,50.37,Yes,Mkt&HR,Placed,
599,M,55.56,Others,69.14,Others,Science,71,3,22,86.336,Sci&Tech,1,Yes,1,1,74.37,Yes,Mkt&HR,Not Placed,
600,F,40.89,Central,37,Central,Commerce,68,1,19,64.864,Comm&Mgmt,1,Yes,1,3,93.36,No,SDE,Not Placed,
601,M,82.5,Central,80.91,Others,Science,65,0,19,66.393,Others,1,Yes,1,3,75.79,Yes,Mkt&HR,Placed,332355
602,M,40.89,Others,85.01,Others,Science,76,0,20,97.34,Sci&Tech,10,Yes,2,5,95.07,Yes,Mkt&HR,Placed,264512
603,M,71.41,Central,43.01,Others,Science,98,0,20,59.498,Others,1,Yes,1,4,87.54,No,Mkt&HR,Not Placed,
604,M,92,Central,92.14,Central,Commerce,68,0,19,66.124,Comm&Mgmt,5,Yes,2,3,80.88,No,Mkt&Fin,Placed,274373
605,M,90.1,Central,98,Central,Commerce,85,0,19,74.866,Sci&Tech,2,Yes,2,4,86.44,Yes,Mkt&Fin,Not Placed,
606,F,91.31,Central,75.49,Others,Science,74,1,20,97.34,Comm&Mgmt,6,No,4,4,81.88,Yes,Mkt&Fin,Placed,338868
607,M,61.69,Others,89.47,Others,Commerce,76,0,21,43.1,Sci&Tech,4,Yes,1,1,89.18,Yes,SDE,Placed,316788
608,M,92,Central,64.19,Central,Commerce,77,0,20,67.319,Sci&Tech,5,Yes,1,3,85.43,Yes,Mkt&HR,Placed,200000
609,M,70.52,Central,98,Others,Commerce,97,0,19,56.005,Sci&Tech,1,Yes,0,4,49.28,Yes,Mkt&Fin,Placed,
610,M,49.01,Central,74.5,Others,Arts,78,1,19,72.824,Others,3,Yes,1,1,51.58,Yes,Mkt&Fin,Placed,
611,F,40.89,Central,48.95,Central,Science,86,0,22,87.037,Sci&Tech,1,Yes,1,2,49.45,No,Jnr.DevOps,Not Placed,
612,F,83.92,Others,44.22,Others,Arts,73,0,20,81.026,Comm&Mgmt,7,No,1,2,98.85,No,Mkt&HR,Placed,305517
613,M,92,Others,52.79,Others,Commerce,88,0,21,97.34,Sci&Tech,7,Yes,3,5,91.16,Yes,Mkt&HR,Placed,307717
614,F,57.93,Central,50,Central,Science,94,0,21,43.1,Comm&Mgmt,1,Yes,1,4,47.04,No,Mkt&HR,Not Placed,303997
615,M,64.46,Central,51.78,Central,Science,82,0,20,88.743,Comm&Mgmt,1,Yes,2,2,43.02,Yes,Mkt&Fin,Placed,227873
616,F,69.85,Others,95.99,Others,Commerce,98,0,21,72.99,Comm&Mgmt,1,Yes,1,3,73.77,No,Mkt&HR,Not Placed,
617,M,92,Others,50.9,Central,Commerce,72,0,22,97.34,Sci&Tech,5,Yes,1,1,93.36,Yes,Mkt&Fin,Placed,364542
618,M,92,Central,42.82,Central,Science,77,1,21,90.397,Comm&Mgmt,1,Yes,1,1,85.17,Yes,Analyst,Placed,
619,F,79.95,Others,61.04,Others,Science,95,0,20,80.05,Comm&Mgmt,5,Yes,1,1,88.03,Yes,Mkt&Fin,Placed,285068
620,F,92,Central,70.97,Central,Commerce,98,0,19,97.34,Comm&Mgmt,8,Yes,2,2,81.76,Yes,SDE,Not Placed,200000
621,F,52.8,Central,37,Central,Science,84,1,19,60.7,Sci&Tech,1,Yes,0,3,43.02,Yes,Mkt&Fin,Not Placed,
622,M,55.4,Central,64.11,Others,Science,98,0,20,59.978,Comm&Mgmt,7,No,1,3,93.4,Yes,Mkt&Fin,Placed,323809
623,M,47.1,Central,91.33,Others,Commerce,98,0,21,75.879,Sci&Tech,8,Yes,2,3,70.59,Yes,Mkt&Fin,Placed,
624,M,72.8,Central,98,Central,Science,98,0,22,97.34,Comm&Mgmt,9,Yes,2,1,75.15,Yes,Mkt&HR,Placed,304292
625,M,85.61,Central,68.43,Central,Commerce,88,0,19,97.34,Comm&Mgmt,6,Yes,1,4,74.36,Yes,Mkt&HR,Placed,301751
626,M,40.89,Central,73.42,Central,Commerce,89,0,21,79.011,Others,2,Yes,2,2,91.08,Yes,Mkt&Fin,Not Placed,312743
627,F,82.54,Central,91.76,Central,Commerce,98,3,19,70.694,Others,1,Yes,1,3,72.14,Yes,Mkt&HR,Not Placed,
628,M,64.88,Central,37,Others,Science,92,0,22,97.34,Sci&Tech,5,Yes,1,3,81.59,Yes,Mkt&HR,Not Placed,
629,M,40.89,Central,44.06,Central,Science,98,0,22,66.772,Comm&Mgmt,1,Yes,1,3,72.75,No,Mkt&HR,Not Placed,
630,M,92,Central,98,Others,Commerce,74,1,21,46.962,Comm&Mgmt,1,Yes,2,4,98.34,Yes,Mkt&Fin,Placed,245182
631,M,40.89,Central,76.89,Others,Commerce,91,1,21,75.499,Comm&Mgmt,4,No,2,3,89.84,No,Mkt&HR,Placed,
632,F,54.94,Central,37,Others,Arts,91,1,21,67.841,Comm&Mgmt,4,Yes,2,3,43.02,Yes,Mkt&Fin,Not Placed,
633,F,92,Central,79.95,Others,Commerce,83,0,21,77.753,Sci&Tech,4,No,1,3,72.62,Yes,Mkt&HR,Placed,277084
634,M,61.43,Others,96.85,Others,Science,98,0,20,97.34,Sci&Tech,10,Yes,1,5,84.39,Yes,Mkt&HR,Placed,228004
635,M,40.89,Central,37,Others,Science,94,0,21,73.414,Comm&Mgmt,1,Yes,1,1,55.93,No,SDE,Not Placed,
636,F,56.54,Central,85.76,Others,Commerce,98,1,22,76.258,Comm&Mgmt,2,Yes,1,1,44.36,Yes,Mkt&Fin,Placed,
637,M,90.51,Others,55.72,Others,Commerce,98,0,21,97.34,Comm&Mgmt,9,Yes,1,4,93.2,Yes,WebTech,Placed,
638,F,40.89,Central,38.86,Others,Science,80,3,22,52.939,Comm&Mgmt,5,Yes,1,3,94.1,No,Mkt&HR,Not Placed,
639,M,83.83,Central,98,Central,Science,87,1,20,78.028,Sci&Tech,1,Yes,1,3,85.22,No,Mkt&HR,Not Placed,259394
640,F,62.33,Central,98,Central,Commerce,91,0,19,76.988,Sci&Tech,3,Yes,3,4,83.99,Yes,Mkt&Fin,Placed,298113
641,M,40.89,Central,60.87,Central,Commerce,98,0,19,46.28,Comm&Mgmt,3, No,4,5,98.85,Yes,Analyst,Not Placed,
642,F,71.9,Central,37,Central,Commerce,98,0,19,85.263,Others,5,Yes,3,4,91.18,No,Mkt&Fin,Placed,315394
643,M,92,Central,62.02,Others,Science,96,0,20,93.856,Sci&Tech,6,Yes,2,2,67.99,Yes,Mkt&Fin,Placed,295115
644,M,92,Central,89.31,Others,Commerce,98,1,20,92.898,Comm&Mgmt,1,Yes,1,3,71.16,Yes,Mkt&Fin,Placed,309700
645,F,63.32,Central,37,Central,Commerce,77,0,21,69.34,Comm&Mgmt,3,Yes,0,4,83.65,No,Mkt&HR,Placed,255157
646,F,40.89,Central,37,Others,Commerce,87,0,19,72.822,Sci&Tech,1,Yes,1,1,46.79,No,Jnr.DevOps,Placed,
647,M,83.64,Central,37,Central,Commerce,98,0,21,76.321,Others,1,Yes,2,4,64.16,Yes,Mkt&Fin,Not Placed,
648,M,59.21,Central,45.46,Central,Commerce,91,0,19,77.437,Comm&Mgmt,8,Yes,4,4,82.13,Yes,Mkt&Fin,Placed,330387
649,M,82.37,Others,71.07,Others,Science,98,0,19,70.174,Comm&Mgmt,1,Yes,4,4,73.87,No,Analyst,Placed,327094
650,M,92,Central,77.41,Others,Science,92,0,22,89.262,Others,8,Yes,1,3,77.78,Yes,Mkt&Fin,Not Placed,256392
651,F,46.29,Central,37,Central,Commerce,86,0,22,88.81,Comm&Mgmt,6,Yes,1,4,98.85,Yes,Mkt&Fin,Not Placed,
652,F,92,Central,89.48,Others,Science,71,0,21,97.34,Others,6,Yes,2,4,81.01,Yes,Mkt&Fin,Placed,229775
653,M,92,Central,98,Others,Science,98,0,20,97.34,Sci&Tech,9,No,4,3,75.22,Yes,Mkt&HR,Placed,200000
654,M,40.89,Central,51.25,Others,Science,93,0,20,47.563,Comm&Mgmt,3,Yes,1,1,84.38,No,SDE,Not Placed,
655,M,89.06,Central,98,Others,Science,82,0,21,88.927,Comm&Mgmt,1,Yes,4,4,43.02,Yes,Mkt&Fin,Not Placed,327480
656,M,40.89,Others,45.1,Central,Commerce,95,0,19,43.1,Sci&Tech,1,Yes,0,1,78.45,No,Mkt&HR,Not Placed,
657,M,92,Central,98,Others,Commerce,86,0,20,81.407,Sci&Tech,1,Yes,1,4,74.39,Yes,Mkt&HR,Placed,
658,M,54.87,Central,58.98,Central,Commerce,75,0,20,91.846,Sci&Tech,7,No,2,4,43.02,Yes,Mkt&Fin,Placed,379538
659,M,64.26,Central,59.61,Others,Commerce,98,0,19,83.579,Sci&Tech,6,Yes,1,1,82.52,Yes,Mkt&Fin,Placed,275864
660,F,71.95,Central,37,Others,Science,83,1,20,92.824,Comm&Mgmt,6,No,1,1,75.73,No,Mkt&Fin,Not Placed,305968
661,M,92,Central,90.94,Others,Science,64,0,20,97.34,Comm&Mgmt,10,Yes,1,3,81.28,Yes,Mkt&Fin,Placed,233482
662,M,58.57,Central,64.23,Others,Science,98,0,22,62.81,Comm&Mgmt,6,Yes,1,3,76.4,Yes,Mkt&Fin,Not Placed,
663,M,92,Others,90.96,Others,Science,93,0,21,85.909,Comm&Mgmt,10,Yes,2,3,97.14,Yes,SDE,Placed,262941
664,M,51.99,Others,63.82,Central,Science,98,0,21,69.589,Sci&Tech,1,Yes,1,3,87.4,No,SDE,Not Placed,
665,F,43.28,Central,37,Central,Commerce,73,0,22,64.467,Comm&Mgmt,1,Yes,1,3,90.69,No,Mkt&HR,Not Placed,
666,M,66.25,Central,43.28,Others,Science,90,0,21,84.326,Comm&Mgmt,2,No,1,3,82.77,Yes,Mkt&HR,Placed,261235
667,M,92,Central,82.96,Others,Commerce,78,1,20,85.589,Comm&Mgmt,2,No,2,4,60.22,Yes,Mkt&HR,Placed,307801
668,F,77.41,Central,50.33,Others,Commerce,66,0,19,76.155,Others,5,Yes,1,3,77.13,Yes,Mkt&HR,Not Placed,
669,M,86.57,Others,92.01,Central,Science,85,0,21,97.34,Comm&Mgmt,3,No,1,4,79.81,Yes,Mkt&Fin,Placed,272129
670,F,89.12,Others,77.32,Others,Science,90,2,22,73.276,Comm&Mgmt,9,Yes,1,1,73.3,Yes,Mkt&HR,Placed,
671,M,92,Others,98,Others,Commerce,74,0,21,89.421,Sci&Tech,5,Yes,2,5,85.2,Yes,Mkt&Fin,Placed,343972
672,M,92,Central,38.97,Others,Commerce,78,0,21,96.281,Sci&Tech,5,Yes,2,4,85.01,No,Analyst,Not Placed,
673,F,40.89,Central,37,Central,Science,89,0,20,43.1,Comm&Mgmt,1,Yes,2,4,90.62,No,SDE,Not Placed,
674,M,85.37,Central,74.22,Others,Commerce,78,2,21,81.627,Comm&Mgmt,6,Yes,1,1,84.88,Yes,Jnr.DevOps,Placed,
675,F,40.89,Central,37,Central,Science,85,0,19,73.518,Comm&Mgmt,4,Yes,1,1,43.45,No,Mkt&HR,Not Placed,
676,M,92,Central,91.02,Others,Science,97,0,20,74.877,Comm&Mgmt,10,Yes,1,3,85.05,Yes,Mkt&Fin,Placed,
677,M,69.97,Others,81.44,Others,Science,93,0,20,75.032,Comm&Mgmt,1,No,1,3,77.98,Yes,Mkt&Fin,Not Placed,300325
678,F,86.31,Central,84.7,Central,Science,92,0,20,89.079,Sci&Tech,1,Yes,2,4,74.8,Yes,Mkt&Fin,Placed,208925
679,M,92,Central,42.84,Others,Science,89,0,21,80.147,Sci&Tech,9, No,0,4,77.52,Yes,Mkt&Fin,Placed,
680,M,79.98,Central,97.46,Others,Science,98,1,19,89.455,Comm&Mgmt,5,Yes,1,3,88.18,Yes,Mkt&HR,Not Placed,279888
681,F,68.59,Central,97.91,Others,Commerce,93,0,21,48.246,Comm&Mgmt,1,No,1,1,72.7,Yes,Mkt&Fin,Placed,
682,M,84.58,Central,98,Others,Commerce,98,0,20,80.254,Comm&Mgmt,1,Yes,1,2,72.72,Yes,SDE,Not Placed,
683,M,58.33,Central,51.8,Central,Science,96,1,21,43.1,Comm&Mgmt,4,Yes,0,3,91.42,No,SDE,Not Placed,
684,F,76.9,Central,40.49,Central,Commerce,70,5,22,54.753,Comm&Mgmt,1,Yes,1,3,95.77,Yes,WebTech,Placed,
685,M,76.42,Central,98,Others,Commerce,80,0,21,91.924,Sci&Tech,1,Yes,1,2,43.02,Yes,Mkt&HR,Not Placed,538243
686,F,55.71,Central,46.86,Others,Commerce,81,1,22,64.633,Comm&Mgmt,2,Yes,1,4,49.95,Yes,Mkt&HR,Not Placed,
687,F,47.36,Central,43.36,Central,Commerce,97,0,21,86.453,Sci&Tech,5,No,4,4,84.61,Yes,Analyst,Not Placed,419743
688,F,52.26,Central,53.4,Others,Science,93,0,20,56.021,Sci&Tech,9,Yes,1,3,69.26,Yes,Mkt&HR,Placed,281453
689,F,84.22,Central,54.25,Others,Science,89,1,19,93.061,Sci&Tech,10,Yes,1,4,78.59,Yes,Mkt&Fin,Placed,206664
690,M,85.15,Others,43.87,Others,Science,98,0,21,84.283,Comm&Mgmt,8,No,1,3,82.93,No,SDE,Not Placed,
691,M,86.29,Central,39.25,Central,Commerce,89,0,20,57.417,Sci&Tech,9,Yes,1,3,90.87,Yes,Mkt&Fin,Placed,265003
692,F,92,Central,78.26,Others,Commerce,85,0,19,91.75,Sci&Tech,4,Yes,2,4,71.36,Yes,Mkt&Fin,Placed,514614
693,F,67.58,Central,82.8,Others,Commerce,98,0,19,48.565,Comm&Mgmt,1,Yes,1,1,71.82,No,Mkt&Fin,Placed,
694,F,57.87,Central,98,Others,Commerce,76,0,22,71.746,Comm&Mgmt,1,Yes,2,3,93.33,Yes,Mkt&Fin,Not Placed,200000
695,M,72.09,Central,37,Central,Science,98,0,21,78.603,Comm&Mgmt,5,Yes,3,3,88.58,Yes,Mkt&Fin,Placed,267690
696,M,80.26,Central,64.31,Others,Science,98,1,21,88.367,Comm&Mgmt,1,Yes,2,2,72.75,Yes,Mkt&Fin,Not Placed,320837
697,F,51.22,Central,55.25,Others,Commerce,87,5,21,74.756,Comm&Mgmt,1,Yes,2,1,45.31,Yes,Mkt&Fin,Placed,326604
698,M,92,Central,78.55,Others,Commerce,98,1,19,93.353,Sci&Tech,3,Yes,2,1,85.68,Yes,Mkt&HR,Not Placed,293803
699,F,75.85,Central,76.52,Others,Science,98,1,21,88.904,Comm&Mgmt,8,Yes,1,3,81,Yes,Mkt&Fin,Placed,200000
700,F,50.37,Central,63.26,Others,Science,91,1,22,43.1,Comm&Mgmt,1,Yes,0,3,76.02,No,Mkt&HR,Not Placed,
701,F,92,Central,67.97,Central,Commerce,80,0,21,76.223,Sci&Tech,5,Yes,3,4,77.79,Yes,SDE,Placed,231620
702,M,92,Central,98,Others,Commerce,98,0,20,97.34,Comm&Mgmt,2,Yes,4,3,77.13,Yes,Mkt&Fin,Placed,250916
703,M,45.52,Central,70.55,Others,Science,83,5,19,43.1,Comm&Mgmt,1,Yes,0,3,43.02,No,Mkt&HR,Placed,270413
704,M,49.97,Central,37.99,Central,Commerce,94,0,21,55.314,Comm&Mgmt,5,Yes,2,3,84.62,No,Mkt&Fin,Not Placed,
705,M,92,Central,61.59,Central,Science,71,0,21,52.262,Sci&Tech,4,Yes,0,3,80.11,Yes,Mkt&Fin,Not Placed,280856
706,M,92,Central,72.56,Others,Commerce,82,1,19,97.34,Comm&Mgmt,1,Yes,1,5,75.6,Yes,Mkt&Fin,Not Placed,277329
707,M,45.73,Central,65.74,Central,Science,85,0,21,86.395,Comm&Mgmt,5,No,4,3,87.02,Yes,Mkt&HR,Placed,
708,M,75.32,Central,80.02,Others,Commerce,72,0,21,97.34,Others,5,Yes,1,3,43.02,Yes,Mkt&Fin,Placed,222957
709,F,92,Central,44.29,Others,Science,74,0,22,85.087,Sci&Tech,1,Yes,1,3,85.71,Yes,SDE,Placed,280339
710,M,40.89,Central,44.77,Central,Science,97,1,22,61.267,Others,1,No,1,1,78.45,No,Jnr.DevOps,Not Placed,
711,M,92,Central,85.72,Central,Commerce,89,0,20,88.969,Sci&Tech,10,Yes,1,5,78.16,Yes,SDE,Not Placed,296459
712,M,92,Central,60.54,Others,Science,70,0,21,87.747,Sci&Tech,6,Yes,1,4,98.85,Yes,Mkt&Fin,Placed,314309
713,F,91.37,Others,51.18,Central,Commerce,98,0,19,97.34,Comm&Mgmt,7,Yes,1,3,77.37,Yes,SDE,Placed,299932
714,F,92,Central,74.76,Others,Science,64,0,21,97.34,Comm&Mgmt,1,Yes,2,3,82,Yes,Mkt&HR,Placed,279835
715,M,60.67,Others,54.7,Others,Science,90,0,21,72.14,Others,8,Yes,1,4,98.85,No,Mkt&HR,Not Placed,
716,M,44.61,Central,71.07,Others,Science,89,1,20,43.1,Sci&Tech,2,Yes,1,3,73.36,No,Mkt&HR,Not Placed,
717,F,63.69,Central,75.89,Others,Science,98,0,22,85.846,Comm&Mgmt,1,Yes,1,1,84.4,Yes,Mkt&HR,Not Placed,287120
718,M,74.85,Central,98,Others,Science,98,2,20,89.67,Comm&Mgmt,2,Yes,1,3,92.1,Yes,Mkt&Fin,Placed,200000
719,F,92,Central,40.68,Others,Commerce,83,0,20,79.607,Sci&Tech,2,Yes,1,2,76.79,Yes,Mkt&HR,Placed,
720,M,92,Central,54.01,Others,Science,71,0,20,97.34,Comm&Mgmt,5,Yes,1,1,78.6,Yes,Mkt&HR,Placed,
721,F,40.89,Others,72.94,Others,Science,90,1,21,66.571,Sci&Tech,1,No,4,1,43.02,Yes,Mkt&HR,Not Placed,319857
722,M,92,Central,37,Central,Science,87,0,19,43.1,Comm&Mgmt,3,Yes,1,2,70.86,Yes,Mkt&HR,Not Placed,
723,M,70.6,Central,81.14,Others,Commerce,94,0,20,87.114,Others,1,Yes,2,3,77.53,Yes,Mkt&Fin,Placed,200000
724,M,46.8,Central,98,Central,Science,98,0,19,95.276,Comm&Mgmt,5,No,2,1,73.44,Yes,Analyst,Placed,285270
725,M,40.89,Central,96.36,Others,Science,98,0,21,70.356,Comm&Mgmt,6,Yes,1,1,43.02,Yes,Mkt&HR,Placed,270150
726,M,57.25,Others,98,Others,Commerce,90,0,21,61.27,Sci&Tech,10,Yes,1,4,48.55,Yes,Mkt&Fin,Not Placed,288310
727,M,84.34,Central,68.56,Others,Commerce,81,0,19,75.528,Comm&Mgmt,8,Yes,1,4,80.76,Yes,SDE,Placed,260893
728,M,85.63,Others,55.15,Others,Science,81,0,20,72.139,Comm&Mgmt,5,Yes,1,4,72.23,Yes,Mkt&HR,Placed,
729,M,92,Central,98,Central,Science,89,1,21,66.195,Comm&Mgmt,4,Yes,2,1,73.91,Yes,Mkt&HR,Placed,314613
730,M,92,Others,37,Others,Arts,83,1,19,89.452,Sci&Tech,6,Yes,0,5,80.08,Yes,Mkt&Fin,Not Placed,
731,M,92,Central,58.72,Others,Science,65,0,21,97.34,Others,7,Yes,1,3,78.37,Yes,Analyst,Placed,326432
732,F,44.68,Central,37,Central,Science,98,0,19,79.184,Comm&Mgmt,1,Yes,1,2,75.65,Yes,Mkt&HR,Placed,
733,M,89.49,Others,71.01,Central,Arts,98,1,22,61.576,Sci&Tech,1,Yes,3,4,76.11,No,Mkt&Fin,Not Placed,260255
734,M,92,Central,98,Central,Commerce,64,0,19,78.766,Sci&Tech,4,Yes,2,4,89.36,Yes,Mkt&Fin,Placed,313523
735,M,92,Others,86.98,Central,Commerce,79,0,21,91.805,Sci&Tech,10,Yes,2,5,72.37,Yes,Mkt&Fin,Placed,303992
736,F,92,Central,79.45,Central,Science,64,0,20,81.62,Comm&Mgmt,9,Yes,3,3,85.03,Yes,Mkt&Fin,Placed,268024
737,M,92,Central,96.98,Others,Commerce,98,0,21,89.438,Others,1, No,2,4,82.38,Yes,Mkt&HR,Placed,509041
738,M,41.34,Central,37,Central,Commerce,82,1,20,74.87,Sci&Tech,1,Yes,1,4,87.2,No,SDE,Not Placed,
739,M,86.07,Central,79.01,Others,Commerce,72,1,21,97.34,Sci&Tech,8,Yes,1,4,71.29,Yes,Analyst,Placed,280242
740,M,69.65,Central,95.72,Central,Commerce,98,0,22,92.726,Sci&Tech,1,Yes,2,4,88.18,Yes,SDE,Placed,310963
741,F,59.65,Central,42.19,Central,Science,98,1,19,67.564,Others,1,Yes,1,1,47.63,Yes,Mkt&Fin,Not Placed,311185
742,M,44.8,Central,57.56,Central,Commerce,92,0,21,79.445,Comm&Mgmt,5,Yes,1,4,88.07,Yes,Mkt&Fin,Not Placed,246145
743,F,91.29,Central,57.06,Others,Commerce,67,0,19,97.34,Comm&Mgmt,6,Yes,1,3,97.13,Yes,Mkt&Fin,Placed,285237
744,F,56.14,Central,67.15,Others,Commerce,98,0,21,43.1,Others,1,Yes,0,3,64.93,Yes,Mkt&HR,Not Placed,
745,M,54.78,Central,54.82,Central,Science,83,0,19,91.172,Comm&Mgmt,1,Yes,1,4,88.45,Yes,Mkt&Fin,Placed,305406
746,M,90.76,Central,48.69,Others,Science,76,2,21,85.932,Comm&Mgmt,4,Yes,1,4,68.81,Yes,Mkt&Fin,Placed,416196
747,F,74.82,Central,62.31,Others,Commerce,80,0,22,97.34,Sci&Tech,1,Yes,2,1,81.63,No,Jnr.DevOps,Placed,317195
748,M,85.74,Others,65.42,Others,Commerce,96,0,20,87.836,Sci&Tech,8,Yes,1,5,91.01,Yes,Mkt&Fin,Placed,
749,M,58.14,Central,44.96,Central,Science,98,0,20,89.293,Comm&Mgmt,10,Yes,2,4,43.02,Yes,Mkt&HR,Placed,320688
750,M,92,Central,98,Others,Commerce,84,0,20,86.669,Sci&Tech,9,Yes,2,5,73.98,Yes,Mkt&Fin,Placed,373003
751,M,67.49,Others,50.42,Others,Science,86,0,21,63.988,Comm&Mgmt,1,Yes,2,4,77.93,Yes,SDE,Not Placed,292110
752,F,73.95,Central,51.03,Others,Commerce,98,0,20,97.34,Comm&Mgmt,7,Yes,1,4,53.14,Yes,Mkt&Fin,Placed,
753,M,89.12,Central,98,Others,Commerce,83,0,19,75.417,Sci&Tech,1,Yes,1,3,71.99,Yes,Mkt&Fin,Placed,287805
754,M,92,Central,69.96,Others,Commerce,98,1,21,88.445,Comm&Mgmt,4,Yes,1,3,74.98,Yes,SDE,Placed,
755,F,92,Central,94.07,Central,Science,83,0,20,85.435,Sci&Tech,9,Yes,1,4,88.39,Yes,SDE,Placed,391132
756,M,69.13,Central,68.08,Central,Commerce,64,0,21,91.683,Sci&Tech,10,Yes,1,5,98.85,Yes,Mkt&HR,Placed,267178
757,M,56.54,Central,79.3,Central,Science,64,0,21,79.121,Comm&Mgmt,5,Yes,1,5,78.12,Yes,Mkt&Fin,Placed,323041
758,M,77.46,Central,92.06,Central,Science,70,0,20,97.34,Comm&Mgmt,8,Yes,1,4,77.2,Yes,WebTech,Placed,297612
759,M,67.12,Central,64.98,Central,Commerce,95,1,20,71.349,Comm&Mgmt,1,Yes,1,3,43.02,Yes,Mkt&Fin,Not Placed,294754
760,M,77.16,Central,37,Central,Science,83,2,20,81.673,Comm&Mgmt,1,Yes,2,1,96.38,Yes,Mkt&HR,Not Placed,200732
761,M,46.16,Central,53.01,Others,Commerce,91,1,20,85.636,Others,4,Yes,1,2,50.33,Yes,SDE,Not Placed,313498
762,M,71.87,Central,60.64,Others,Commerce,98,0,22,80.947,Comm&Mgmt,1,Yes,0,3,70.08,Yes,Mkt&HR,Placed,
763,M,92,Central,75.44,Others,Arts,82,0,21,83.069,Comm&Mgmt,6,Yes,1,3,96.34,Yes,Mkt&Fin,Placed,320461
764,M,92,Central,69.07,Central,Science,94,0,21,91.8,Comm&Mgmt,1,Yes,2,4,82.93,Yes,Mkt&Fin,Placed,386653
765,M,82.28,Central,58.38,Central,Science,88,4,20,92.75,Comm&Mgmt,1,No,3,3,72.29,No,SDE,Placed,
766,M,51.64,Central,59.88,Others,Science,98,1,22,43.1,Sci&Tech,1,Yes,1,4,58.88,No,SDE,Not Placed,
767,M,92,Central,88.85,Others,Commerce,64,0,20,88.091,Sci&Tech,9,Yes,2,5,92.69,Yes,Mkt&Fin,Placed,253667
768,M,90.26,Central,98,Others,Commerce,98,0,20,86.341,Comm&Mgmt,6,Yes,2,3,83.73,Yes,Mkt&Fin,Placed,295717
769,F,58.56,Central,62.52,Others,Science,98,0,21,85.959,Sci&Tech,4,Yes,4,4,92.47,Yes,Mkt&Fin,Placed,
770,M,92,Central,98,Central,Science,87,0,22,87.238,Sci&Tech,10, No,1,3,89.1,Yes,Mkt&Fin,Not Placed,
771,M,73.15,Central,98,Central,Science,98,1,20,90.068,Others,10,Yes,1,3,77.12,Yes,Mkt&HR,Placed,
772,M,92,Central,87.85,Others,Science,79,0,21,60.312,Comm&Mgmt,6,Yes,1,4,65.39,Yes,Mkt&Fin,Placed,304112
773,F,41.88,Central,95.22,Others,Commerce,98,2,19,43.1,Comm&Mgmt,1,Yes,0,3,88.13,No,Mkt&Fin,Not Placed,
774,M,82.73,Central,98,Others,Science,98,1,22,68.151,Others,1,Yes,0,5,72.28,Yes,Mkt&HR,Not Placed,295075
775,F,55.4,Central,46.51,Others,Commerce,64,2,21,74.35,Comm&Mgmt,4,Yes,4,3,62.03,No,Mkt&HR,Placed,
776,M,40.89,Central,55.12,Central,Commerce,82,0,19,74.766,Sci&Tech,1,Yes,1,4,76.37,Yes,Mkt&HR,Not Placed,271538
777,M,40.89,Central,76.97,Others,Science,98,0,21,65.882,Sci&Tech,5,Yes,1,3,60.58,Yes,Mkt&Fin,Not Placed,
778,M,92,Others,84.12,Others,Science,88,0,19,91.85,Comm&Mgmt,10,Yes,2,3,78.73,Yes,Mkt&HR,Placed,241597
779,M,92,Central,71.54,Central,Commerce,64,0,22,90.184,Comm&Mgmt,1,Yes,1,5,97.03,Yes,Mkt&HR,Placed,282940
780,F,77.68,Others,52.02,Central,Science,75,1,20,63.536,Comm&Mgmt,1,Yes,0,1,47.04,No,Mkt&HR,Not Placed,
781,M,84.99,Others,65.41,Central,Commerce,71,5,19,77.01,Sci&Tech,5,Yes,1,3,81.71,Yes,Mkt&Fin,Placed,286483
782,M,43.62,Central,69.34,Others,Science,95,4,22,75.695,Comm&Mgmt,1,Yes,1,3,95.22,Yes,Mkt&HR,Not Placed,273031
783,F,58.03,Others,62.62,Central,Science,87,0,19,85.1,Comm&Mgmt,8,Yes,1,3,92.98,Yes,Mkt&Fin,Placed,286386
784,M,56.38,Others,37,Others,Science,79,0,20,80.894,Sci&Tech,1,Yes,1,3,77.19,Yes,Mkt&HR,Not Placed,330316
785,M,65.01,Central,85.57,Central,Science,98,5,19,46.585,Sci&Tech,3,No,0,3,97.82,No,Mkt&HR,Not Placed,
786,M,91.28,Others,98,Others,Commerce,95,0,21,90.32,Sci&Tech,9,Yes,1,3,73.72,Yes,SDE,Placed,
787,M,92,Central,49.53,Others,Science,65,0,22,87.144,Sci&Tech,1,Yes,4,3,98.85,Yes,Mkt&Fin,Placed,
788,M,80.43,Others,89.12,Others,Science,98,0,20,94.762,Comm&Mgmt,1,Yes,3,4,95.49,Yes,Mkt&Fin,Placed,287497
789,M,92,Others,72.84,Others,Commerce,74,1,19,97.34,Sci&Tech,8,Yes,2,4,90.04,Yes,Mkt&Fin,Placed,283314
790,M,69.87,Central,88.68,Others,Arts,94,1,21,51.747,Sci&Tech,2,Yes,2,3,94.18,Yes,Mkt&Fin,Not Placed,
791,F,83.73,Central,40.05,Others,Commerce,98,0,20,97.34,Sci&Tech,5,Yes,2,3,83.16,No,Mkt&Fin,Not Placed,261311
792,F,84.32,Others,98,Others,Science,98,0,20,88.991,Comm&Mgmt,7,Yes,4,4,78.37,Yes,Mkt&Fin,Placed,599889
793,M,87.79,Others,85.85,Central,Science,98,0,19,80.145,Comm&Mgmt,8,Yes,1,3,82.38,Yes,Mkt&HR,Not Placed,200000
794,M,79.96,Central,58.85,Central,Science,92,0,19,80.734,Comm&Mgmt,5,No,0,3,98.85,Yes,Mkt&Fin,Not Placed,243309
795,M,92,Central,98,Others,Commerce,83,0,20,92.485,Sci&Tech,4,Yes,3,3,73.56,Yes,Analyst,Placed,287809
796,F,41.92,Central,50.52,Central,Arts,98,0,19,92.24,Comm&Mgmt,7,Yes,2,3,57.45,No,Mkt&HR,Placed,
797,F,72.41,Central,62.17,Others,Commerce,79,0,19,82.679,Comm&Mgmt,3,Yes,1,3,44.88,Yes,Mkt&HR,Placed,295405
798,M,58.09,Central,81.83,Others,Commerce,96,0,19,89.23,Sci&Tech,5,Yes,1,1,88.06,No,SDE,Placed,
799,M,82.7,Central,84.76,Others,Commerce,98,0,20,46.083,Sci&Tech,5,No,1,3,89.3,Yes,Mkt&Fin,Placed,315764
800,F,92,Central,64.07,Others,Science,88,0,20,74.889,Sci&Tech,4,Yes,1,3,85.42,Yes,WebTech,Placed,283319
801,F,91.09,Others,59.43,Others,Science,79,1,19,79.379,Sci&Tech,4,Yes,1,3,84.87,Yes,Mkt&HR,Placed,
802,M,61.11,Central,75.02,Others,Science,98,0,19,68.749,Others,2,Yes,2,3,94.55,No,Analyst,Not Placed,
803,M,89.41,Central,98,Others,Commerce,94,0,21,86.097,Sci&Tech,1,Yes,1,4,86.29,No,Mkt&HR,Placed,281104
804,M,72.36,Central,62.83,Central,Science,96,0,21,82.598,Comm&Mgmt,10,No,2,2,95.56,Yes,Mkt&Fin,Placed,328698
805,M,92,Central,80.77,Others,Science,83,0,19,73.749,Comm&Mgmt,4,Yes,1,3,71.62,Yes,Mkt&HR,Placed,340314
806,M,92,Central,59.3,Central,Science,78,0,21,97.34,Sci&Tech,7,Yes,4,4,79.38,Yes,Mkt&Fin,Placed,265675
807,M,89.13,Central,81.98,Central,Science,82,0,22,91.458,Sci&Tech,8,Yes,2,3,79.25,Yes,Jnr.DevOps,Placed,295655
808,M,92,Central,54.71,Others,Commerce,85,0,19,81.62,Sci&Tech,1,Yes,1,1,82.51,No,Mkt&Fin,Placed,304249
809,M,49.39,Central,96.98,Others,Science,96,0,21,72.785,Comm&Mgmt,2,Yes,1,1,56.25,Yes,Mkt&HR,Not Placed,
810,M,92,Others,98,Others,Commerce,84,0,19,97.34,Others,7,Yes,4,4,92.54,Yes,Mkt&Fin,Placed,339981
811,M,56.9,Others,58.53,Others,Science,92,0,22,71.157,Comm&Mgmt,1,Yes,1,3,97.92,No,Mkt&HR,Not Placed,
812,M,60.33,Central,96.83,Central,Commerce,90,1,19,67.212,Sci&Tech,4,Yes,1,3,84.6,No,Analyst,Not Placed,
813,F,70.42,Central,98,Others,Science,98,0,19,90.855,Comm&Mgmt,7,Yes,1,4,76.41,Yes,Analyst,Placed,564121
814,F,92,Central,79.85,Others,Science,69,0,21,97.34,Sci&Tech,9,Yes,3,4,78.66,Yes,Mkt&Fin,Placed,
815,M,59.52,Central,95.04,Others,Commerce,98,0,19,74.732,Sci&Tech,9,Yes,1,3,96.86,Yes,Analyst,Placed,277337
816,F,90.68,Others,81.94,Others,Commerce,98,0,21,89.706,Comm&Mgmt,10,Yes,2,3,86.26,No,Mkt&HR,Placed,
817,M,92,Others,96.57,Central,Commerce,72,0,22,85.838,Comm&Mgmt,7,Yes,3,3,98.85,Yes,Mkt&HR,Placed,253465
818,F,82.39,Central,52.19,Central,Science,98,1,19,97.34,Sci&Tech,7,Yes,2,3,78.96,Yes,Mkt&Fin,Placed,479292
819,F,92,Central,74.04,Others,Commerce,98,0,21,79.17,Comm&Mgmt,9,Yes,1,5,98.85,Yes,Mkt&HR,Placed,311382
820,M,81.17,Others,76.44,Others,Science,97,0,20,71.998,Comm&Mgmt,8,Yes,1,4,69.92,Yes,Mkt&HR,Placed,
821,F,79.78,Others,52.69,Others,Commerce,98,0,20,69.632,Sci&Tech,1,Yes,1,1,83.55,Yes,Analyst,Placed,317450
822,M,92,Central,96.33,Central,Science,98,0,20,72.415,Comm&Mgmt,1,Yes,1,3,74.5,Yes,Jnr.DevOps,Placed,250039
823,M,44.82,Central,37,Central,Commerce,98,0,19,86.966,Comm&Mgmt,1,Yes,0,4,54.9,Yes,Mkt&HR,Not Placed,
824,M,92,Central,71.21,Central,Commerce,64,0,21,92.013,Sci&Tech,8,Yes,1,3,97.79,Yes,Mkt&Fin,Placed,276770
825,F,87.41,Central,59.24,Others,Commerce,83,0,22,66.181,Comm&Mgmt,1,Yes,0,4,87.73,No,Mkt&HR,Not Placed,
826,F,67.33,Others,72.49,Others,Commerce,82,2,19,63.647,Sci&Tech,4,Yes,2,5,63.33,No,Mkt&HR,Placed,237262
827,M,92,Others,57.22,Others,Science,81,0,21,97.34,Sci&Tech,10,No,2,4,67.22,Yes,Mkt&Fin,Placed,218417
828,F,91.28,Central,93.05,Central,Commerce,65,2,20,95.305,Sci&Tech,1,Yes,2,4,72.69,Yes,Mkt&HR,Placed,543580
829,M,89.9,Central,88.6,Others,Commerce,86,0,20,94.215,Comm&Mgmt,6,Yes,1,4,90.22,Yes,Mkt&Fin,Not Placed,
830,M,70.49,Central,37.31,Central,Science,98,3,20,79.795,Comm&Mgmt,4,Yes,1,5,81.13,Yes,Mkt&HR,Not Placed,
831,M,83.49,Central,64.86,Others,Science,94,0,21,76.485,Sci&Tech,5,Yes,2,2,94.33,No,Mkt&HR,Placed,
832,M,48.08,Central,98,Others,Science,94,0,21,76.395,Comm&Mgmt,6,Yes,2,4,98.85,Yes,Mkt&HR,Not Placed,
833,F,92,Central,91.31,Others,Science,98,0,21,68.328,Sci&Tech,5,Yes,1,2,89.55,Yes,Mkt&Fin,Placed,266847
834,M,76.18,Central,58.46,Central,Science,98,1,19,89.42,Comm&Mgmt,1,Yes,1,3,78.64,Yes,Mkt&HR,Placed,219136
835,M,92,Central,98,Central,Science,98,0,21,92.867,Comm&Mgmt,1,Yes,1,4,77.94,Yes,Mkt&HR,Placed,290363
836,M,40.89,Central,42.48,Others,Commerce,98,0,19,75.601,Others,1,Yes,1,3,86.95,Yes,SDE,Not Placed,
837,M,92,Central,98,Others,Commerce,98,0,20,82.991,Comm&Mgmt,8,Yes,1,4,86.67,Yes,Mkt&HR,Not Placed,
838,M,52.49,Central,70.49,Others,Science,98,0,22,88.575,Others,1,Yes,1,2,79.57,No,Mkt&HR,Not Placed,
839,F,40.89,Central,37,Others,Science,66,0,21,43.1,Comm&Mgmt,1,Yes,1,1,82.97,No,Mkt&HR,Not Placed,
840,F,63.84,Central,37,Others,Science,89,1,21,74.002,Sci&Tech,6,Yes,0,4,84.43,Yes,Analyst,Not Placed,
841,F,44.57,Central,92.61,Central,Science,89,5,21,46.988,Others,1,Yes,2,3,95.4,No,WebTech,Not Placed,301537
842,M,55.5,Central,54.01,Central,Arts,98,0,21,85.185,Comm&Mgmt,2,No,1,2,83.85,Yes,Mkt&HR,Not Placed,266082
843,F,86.95,Central,98,Others,Commerce,80,0,19,80.425,Comm&Mgmt,8,Yes,0,3,79,Yes,Analyst,Placed,222767
844,F,92,Others,62.98,Others,Science,98,0,19,73.157,Comm&Mgmt,1,Yes,1,1,74.79,Yes,Mkt&Fin,Not Placed,
845,M,92,Central,63.13,Central,Science,71,0,20,97.34,Comm&Mgmt,3,Yes,1,4,91.45,Yes,Mkt&Fin,Placed,200000
846,F,60,Central,65.54,Others,Commerce,83,0,20,74.541,Others,1,Yes,1,2,47.49,Yes,Mkt&HR,Not Placed,
847,F,92,Central,37,Others,Commerce,72,0,22,89.481,Sci&Tech,6,Yes,1,3,90.05,Yes,Mkt&Fin,Placed,306823
848,M,87.75,Others,54.34,Others,Science,76,3,22,73.375,Comm&Mgmt,1,Yes,2,4,79.5,Yes,Mkt&HR,Not Placed,316947
849,M,92,Others,81.1,Central,Commerce,82,0,22,90.459,Comm&Mgmt,4,Yes,2,3,68.92,Yes,Mkt&Fin,Placed,381684
850,M,92,Central,98,Others,Science,93,0,19,97.34,Comm&Mgmt,9,Yes,0,2,87.64,Yes,Mkt&Fin,Placed,301071
851,M,80.49,Others,44.34,Central,Science,89,0,20,89.722,Sci&Tech,6,Yes,1,4,72.28,Yes,Mkt&Fin,Placed,200000
852,F,77.51,Central,37,Central,Science,71,0,20,93.708,Sci&Tech,5,Yes,1,1,55.31,No,Analyst,Placed,316684
853,F,80.23,Central,61.76,Others,Science,98,0,20,91.693,Comm&Mgmt,9,Yes,1,3,81.65,Yes,Mkt&Fin,Not Placed,327001
854,F,92,Others,47.78,Others,Science,95,0,19,78.587,Sci&Tech,3,No,2,3,80.48,Yes,Mkt&Fin,Placed,200000
855,F,57,Central,58.69,Others,Science,89,5,22,45.028,Comm&Mgmt,1,Yes,0,3,67.1,No,SDE,Not Placed,
856,M,92,Central,92.47,Others,Arts,87,0,21,89.431,Comm&Mgmt,1, No,2,3,73.21,Yes,Mkt&Fin,Placed,278114
857,M,92,Others,70.91,Others,Commerce,75,1,20,93.237,Sci&Tech,5,Yes,1,1,81.39,Yes,Mkt&Fin,Placed,291919
858,M,87.72,Central,96.02,Others,Science,98,0,21,88.482,Comm&Mgmt,6,Yes,4,4,78.12,Yes,WebTech,Placed,335251
859,M,84.78,Central,37,Central,Science,90,1,19,89.717,Comm&Mgmt,1, No,2,1,91.81,Yes,Mkt&HR,Not Placed,
860,M,76.71,Others,87.28,Central,Arts,86,4,19,97.34,Sci&Tech,1,Yes,1,4,46.75,Yes,Analyst,Placed,304894
861,F,92,Central,57.87,Central,Arts,70,0,20,77.78,Comm&Mgmt,4,Yes,0,5,98.85,Yes,Jnr.DevOps,Not Placed,
862,M,82.27,Central,79.23,Others,Commerce,90,0,19,97.34,Sci&Tech,9,Yes,2,4,96.4,Yes,Jnr.DevOps,Placed,
863,M,67.46,Central,39.76,Central,Commerce,89,1,20,82.144,Sci&Tech,9,Yes,1,5,80.61,Yes,Mkt&HR,Placed,
864,M,67.96,Others,37,Central,Commerce,91,0,20,78.733,Comm&Mgmt,2,No,1,1,84.18,No,Jnr.DevOps,Placed,294728
865,M,62.12,Central,37,Central,Commerce,88,2,20,68.577,Comm&Mgmt,1,Yes,1,4,69.79,No,Mkt&HR,Not Placed,282291
866,M,92,Others,92.55,Others,Commerce,83,0,19,93.235,Comm&Mgmt,10,Yes,4,3,89.89,Yes,Mkt&HR,Placed,286744
867,M,92,Central,41.21,Others,Science,67,0,20,85.644,Comm&Mgmt,2,Yes,1,1,76.85,Yes,WebTech,Not Placed,319868
868,M,92,Others,86.48,Central,Science,83,2,22,71.197,Sci&Tech,1,Yes,1,4,74.28,Yes,Mkt&Fin,Placed,312733
869,M,92,Central,98,Others,Commerce,87,0,22,88.657,Sci&Tech,6,Yes,2,4,74.83,Yes,Analyst,Placed,586455
870,M,92,Central,56.07,Others,Science,75,0,19,73.139,Sci&Tech,1,Yes,2,2,79.21,Yes,Mkt&HR,Not Placed,
871,F,52.96,Central,52.68,Central,Science,67,3,19,65.33,Comm&Mgmt,1,Yes,1,1,64.32,No,Mkt&HR,Placed,218008
872,M,66.2,Central,79.56,Others,Commerce,64,0,19,88.797,Comm&Mgmt,10,Yes,2,2,76.26,Yes,Mkt&Fin,Placed,200000
873,M,72.69,Central,54.55,Others,Commerce,98,0,20,83.518,Sci&Tech,4,Yes,1,3,76.52,Yes,Mkt&Fin,Not Placed,
874,F,51.65,Central,68.94,Others,Science,88,4,19,71.845,Comm&Mgmt,1,Yes,1,4,43.02,Yes,SDE,Placed,
875,M,49.71,Central,37,Central,Arts,98,0,22,54.948,Comm&Mgmt,1,Yes,4,4,78.32,No,Mkt&HR,Not Placed,
876,F,40.89,Central,37,Others,Science,98,0,22,46.226,Comm&Mgmt,1,Yes,1,3,80.76,No,Mkt&HR,Not Placed,323878
877,M,88.68,Central,94.8,Central,Science,84,0,21,83.894,Comm&Mgmt,3,Yes,0,2,78.31,Yes,Mkt&HR,Not Placed,
878,M,88.95,Central,84.16,Others,Science,89,2,19,68.07,Comm&Mgmt,1,Yes,2,2,87.73,No,Mkt&HR,Not Placed,
879,M,46.87,Central,53.19,Others,Commerce,83,3,20,78.862,Comm&Mgmt,7,Yes,2,4,55.06,Yes,Mkt&HR,Placed,336662
880,M,81.43,Central,61.09,Central,Science,98,0,21,84.457,Comm&Mgmt,1,Yes,1,3,88.78,Yes,Mkt&Fin,Placed,200000
881,F,63.36,Central,72.33,Others,Science,98,0,20,73.104,Comm&Mgmt,1,Yes,0,2,43.02,Yes,Analyst,Placed,
882,F,50.21,Central,66.5,Others,Science,64,1,19,84.072,Sci&Tech,6,No,1,3,70.28,Yes,SDE,Not Placed,326838
883,M,40.89,Central,57.22,Others,Commerce,86,0,21,86.214,Sci&Tech,7,Yes,1,4,91.11,Yes,Mkt&HR,Placed,
884,M,84.78,Central,98,Others,Commerce,98,0,19,75.315,Sci&Tech,1,Yes,1,3,81.08,Yes,Mkt&Fin,Placed,232762
885,F,92,Central,86.82,Central,Commerce,98,1,21,97.34,Comm&Mgmt,5,Yes,2,4,68.76,Yes,Analyst,Placed,239134
886,F,84.17,Others,37,Central,Commerce,91,1,20,58.348,Sci&Tech,1,Yes,3,1,47.36,No,Mkt&HR,Not Placed,
887,F,40.89,Others,37,Central,Science,90,0,20,43.1,Comm&Mgmt,1,Yes,1,3,74.07,Yes,Mkt&HR,Not Placed,
888,F,92,Central,41.2,Others,Commerce,93,1,22,69.002,Comm&Mgmt,4,Yes,2,4,98.14,Yes,Analyst,Placed,261304
889,M,62.95,Others,41,Others,Science,96,0,20,66.449,Others,1,Yes,1,3,85.99,Yes,Analyst,Placed,200000
890,F,91.6,Others,39.48,Central,Science,97,0,21,87.795,Sci&Tech,5,Yes,1,3,53.84,No,Analyst,Not Placed,
891,M,43.84,Central,37,Central,Science,98,0,22,51.268,Comm&Mgmt,1,Yes,1,3,84.15,No,Mkt&HR,Not Placed,
892,F,40.89,Central,40.94,Others,Commerce,98,0,20,97.34,Comm&Mgmt,4,Yes,4,4,93.89,Yes,Mkt&Fin,Not Placed,
893,M,88.17,Central,98,Others,Science,86,0,19,78.214,Sci&Tech,5,Yes,4,3,87.75,Yes,Mkt&Fin,Placed,319835
894,F,43.51,Central,37,Central,Science,98,0,20,73.246,Comm&Mgmt,1,Yes,1,3,61.71,No,Jnr.DevOps,Not Placed,313070
895,M,67.86,Central,78.36,Central,Commerce,98,0,21,75.479,Comm&Mgmt,1,Yes,4,3,70.64,Yes,Mkt&Fin,Placed,
896,M,82.49,Central,51.21,Others,Commerce,64,3,21,80.018,Comm&Mgmt,3,Yes,1,2,92.89,Yes,Mkt&HR,Not Placed,200000
897,F,76.85,Central,81.86,Central,Science,91,0,21,80.836,Comm&Mgmt,6,Yes,1,3,43.02,Yes,Mkt&Fin,Placed,306555
898,F,92,Others,37,Central,Commerce,87,0,19,97.34,Others,3,Yes,1,4,98.85,Yes,Mkt&HR,Not Placed,250945
899,M,89.97,Central,98,Others,Science,83,1,22,70.779,Comm&Mgmt,1, No,1,1,57.65,No,Analyst,Not Placed,279218
900,F,92,Others,98,Others,Science,98,0,19,66.569,Comm&Mgmt,2,Yes,1,4,85.1,Yes,Jnr.DevOps,Not Placed,315887
901,M,59.82,Others,67.49,Others,Arts,71,0,19,96.217,Comm&Mgmt,10,Yes,1,3,78.49,Yes,Mkt&Fin,Placed,
902,M,45.94,Central,61.73,Others,Science,80,0,21,84.551,Sci&Tech,2,Yes,2,4,87.04,Yes,Mkt&HR,Placed,214578
903,M,72.47,Central,53.69,Central,Commerce,86,1,20,59.173,Sci&Tech,1,Yes,1,3,43.02,No,Mkt&HR,Not Placed,
904,M,54.06,Others,40.84,Others,Science,92,0,21,92.161,Sci&Tech,7,Yes,0,4,77.64,Yes,Mkt&HR,Not Placed,
905,F,89.45,Central,90.19,Central,Commerce,86,0,22,79.432,Comm&Mgmt,1,Yes,4,5,69.1,Yes,Analyst,Placed,
906,M,40.89,Central,72.59,Central,Arts,92,0,22,63.789,Others,1,Yes,1,4,77.39,Yes,Mkt&Fin,Placed,
907,F,92,Others,80.7,Others,Science,86,0,19,83.156,Comm&Mgmt,1,Yes,1,1,71.19,Yes,Mkt&Fin,Not Placed,
908,F,70.32,Central,41.19,Others,Science,98,0,21,74.423,Sci&Tech,2,Yes,1,4,63.82,Yes,Mkt&HR,Not Placed,300345
909,M,51.05,Central,64.46,Central,Science,72,5,19,79.023,Comm&Mgmt,1,Yes,1,2,56.44,Yes,Mkt&HR,Not Placed,
910,F,61.34,Central,37,Others,Science,82,0,22,87.277,Comm&Mgmt,1,Yes,2,2,69.22,Yes,Mkt&HR,Not Placed,
911,F,92,Central,45.36,Others,Science,77,1,20,93.114,Sci&Tech,1,Yes,1,3,80.63,No,Mkt&HR,Not Placed,317564
912,M,92,Central,82.63,Others,Science,73,0,20,97.34,Sci&Tech,9,Yes,3,5,96.08,Yes,Mkt&HR,Placed,380327
913,M,57.1,Central,37,Central,Commerce,74,0,21,84.033,Others,10,Yes,2,3,85.02,Yes,Mkt&HR,Not Placed,200000
914,M,92,Central,80.13,Others,Science,79,0,21,49.728,Sci&Tech,2,Yes,1,3,96.86,Yes,Mkt&HR,Placed,
915,F,65.05,Others,59.17,Others,Science,98,1,21,69.601,Comm&Mgmt,9,Yes,1,4,94.5,Yes,Mkt&HR,Not Placed,
916,M,79.5,Others,93.02,Others,Science,90,0,22,81.425,Sci&Tech,9,Yes,3,5,80.48,Yes,Mkt&HR,Placed,
917,M,75.49,Others,98,Central,Commerce,82,0,19,53.886,Comm&Mgmt,1,No,1,3,77.7,Yes,Mkt&Fin,Not Placed,
918,F,59.71,Central,38.64,Others,Science,98,1,21,70.821,Sci&Tech,6,Yes,1,4,83.9,Yes,Mkt&HR,Not Placed,
919,M,92,Central,98,Central,Commerce,90,0,20,85.675,Comm&Mgmt,9,Yes,1,4,68.55,Yes,SDE,Placed,304924
920,M,55.8,Central,60.91,Others,Science,80,2,21,77.805,Sci&Tech,6,Yes,1,3,91.54,No,Mkt&Fin,Not Placed,322934
921,M,92,Central,98,Central,Commerce,90,0,19,81.565,Comm&Mgmt,9,Yes,1,4,72.42,Yes,SDE,Placed,301253
922,M,92,Central,98,Others,Science,97,0,21,78.952,Sci&Tech,1,Yes,1,3,87.22,Yes,Mkt&Fin,Placed,301868
923,F,86.25,Central,98,Others,Science,89,0,21,82.078,Sci&Tech,1,No,1,4,73.81,Yes,WebTech,Placed,
924,F,48.69,Central,54.67,Others,Commerce,79,0,21,85.908,Sci&Tech,1,Yes,1,1,46.43,Yes,Mkt&Fin,Placed,291173
925,F,80.44,Central,37,Others,Science,72,0,19,97.34,Comm&Mgmt,9,Yes,4,4,80.77,Yes,Jnr.DevOps,Placed,282606
926,M,81.75,Central,72.99,Others,Commerce,64,0,19,80.265,Comm&Mgmt,5,Yes,1,1,59.42,Yes,Mkt&HR,Not Placed,
927,M,92,Central,66.99,Others,Commerce,98,0,19,77.577,Comm&Mgmt,1,Yes,1,4,72.65,Yes,Jnr.DevOps,Not Placed,294626
928,M,92,Central,82.42,Others,Science,90,1,20,81.087,Sci&Tech,4,Yes,1,4,77.04,Yes,Mkt&Fin,Placed,200000
929,M,92,Central,93.63,Others,Science,94,0,20,87.053,Sci&Tech,8,Yes,1,1,92.7,Yes,Mkt&Fin,Placed,283517
930,F,71.81,Central,73.01,Central,Science,96,0,22,77.225,Comm&Mgmt,7,Yes,1,3,76.13,Yes,Mkt&HR,Not Placed,327938
931,M,40.89,Central,55.95,Others,Commerce,82,0,20,96.084,Comm&Mgmt,1,Yes,2,1,88.41,Yes,Jnr.DevOps,Not Placed,331516
932,M,91.17,Central,59.84,Central,Science,92,5,21,66.14,Sci&Tech,1,Yes,2,3,57.22,No,Mkt&HR,Placed,
933,M,41.12,Central,37,Central,Commerce,89,0,19,49.377,Sci&Tech,4,Yes,1,3,86.32,Yes,Mkt&Fin,Placed,
934,F,77.55,Central,98,Others,Science,73,0,20,85.858,Comm&Mgmt,6,Yes,3,3,86.23,Yes,Mkt&HR,Placed,
935,F,72.99,Central,98,Others,Science,85,1,19,88.625,Sci&Tech,6,Yes,2,4,53.53,Yes,Jnr.DevOps,Placed,339539
936,F,71.23,Central,51.51,Others,Commerce,93,0,22,43.1,Comm&Mgmt,3,Yes,1,4,64.03,No,Mkt&HR,Placed,316967
937,F,40.89,Central,37,Others,Science,89,1,21,68.848,Comm&Mgmt,1,Yes,4,4,48.5,Yes,Mkt&HR,Not Placed,
938,F,61.71,Central,41.75,Others,Arts,97,0,19,93.051,Comm&Mgmt,8,No,2,3,72.73,Yes,Mkt&Fin,Placed,329697
939,M,89.01,Central,47.46,Others,Commerce,98,1,22,84.915,Sci&Tech,4,Yes,4,1,76.6,Yes,Mkt&HR,Not Placed,
940,M,81.7,Central,41.65,Others,Commerce,73,0,19,81.34,Comm&Mgmt,1,Yes,1,4,69.67,Yes,Mkt&HR,Placed,
941,M,83.29,Central,52.69,Central,Commerce,98,2,19,63.058,Sci&Tech,1,Yes,4,3,60.18,Yes,Mkt&HR,Not Placed,310340
942,F,45.79,Central,81.82,Central,Science,74,1,22,76.482,Sci&Tech,2,Yes,0,3,93.74,No,Mkt&HR,Not Placed,
943,M,66.85,Central,59.07,Others,Commerce,98,3,20,56.349,Comm&Mgmt,1,Yes,1,3,43.02,No,Mkt&HR,Not Placed,
944,M,90.82,Central,98,Central,Commerce,80,5,19,66.128,Comm&Mgmt,1,Yes,2,3,64.99,Yes,Analyst,Not Placed,
945,M,40.89,Central,37,Others,Commerce,72,0,21,81.908,Comm&Mgmt,8,Yes,1,3,90.62,Yes,Jnr.DevOps,Placed,254402
946,M,68.19,Central,81.77,Central,Science,98,0,21,43.1,Comm&Mgmt,2,Yes,1,4,94.25,No,Analyst,Not Placed,
947,M,40.89,Central,37,Others,Commerce,98,5,21,84.444,Comm&Mgmt,1,Yes,1,3,76.16,Yes,Mkt&HR,Not Placed,
948,F,58.53,Central,48.46,Others,Science,97,0,21,73.385,Comm&Mgmt,7,Yes,1,4,73.73,Yes,Analyst,Not Placed,200000
949,M,74.37,Others,63.74,Others,Science,84,0,19,86.481,Sci&Tech,1,Yes,1,4,75.65,Yes,Mkt&HR,Not Placed,224380
950,F,81.55,Others,94.07,Central,Science,98,0,19,97.34,Comm&Mgmt,6,No,1,4,78.83,Yes,Analyst,Not Placed,
951,M,71.51,Central,46.72,Central,Science,68,0,22,80.895,Sci&Tech,4,No,1,1,85.02,No,Mkt&Fin,Placed,200000
952,M,58.09,Central,97.86,Central,Commerce,98,0,21,74.336,Sci&Tech,1,Yes,0,3,87.76,Yes,Mkt&Fin,Placed,327072
953,M,49.04,Central,37,Others,Science,70,0,21,72.866,Comm&Mgmt,3,Yes,2,4,86.68,No,SDE,Not Placed,
954,M,40.89,Central,37,Others,Commerce,90,0,22,57.393,Others,5,Yes,2,3,75.15,No,Mkt&HR,Not Placed,
955,M,89.44,Central,98,Others,Commerce,64,0,19,64.3,Sci&Tech,2,Yes,4,3,84.49,Yes,Mkt&Fin,Placed,
956,F,40.89,Central,37,Central,Science,98,0,19,70.112,Comm&Mgmt,1,Yes,1,2,74.22,No,Mkt&HR,Not Placed,
957,F,56.28,Central,37,Others,Commerce,78,0,22,66.955,Comm&Mgmt,1,Yes,1,2,77.06,Yes,Mkt&HR,Not Placed,
958,M,40.89,Central,37,Central,Science,92,0,20,43.1,Comm&Mgmt,1,Yes,1,3,82.3,Yes,Analyst,Not Placed,
959,M,92,Central,98,Others,Science,98,0,20,94.706,Comm&Mgmt,5,Yes,2,4,76.44,Yes,Analyst,Placed,216315
960,M,79.88,Others,84.66,Central,Science,83,0,20,89.646,Comm&Mgmt,1,Yes,1,3,78.87,Yes,Mkt&HR,Not Placed,
961,F,40.89,Central,47.63,Others,Science,91,3,22,74.707,Comm&Mgmt,1, No,2,3,43.02,No,WebTech,Not Placed,
962,M,71.71,Central,45.84,Central,Science,79,1,20,75.98,Sci&Tech,1,Yes,3,4,83.19,Yes,Analyst,Placed,
963,M,82.58,Central,98,Others,Commerce,98,0,21,73.141,Sci&Tech,5,Yes,0,4,87.54,Yes,Mkt&HR,Placed,457652
964,F,79.41,Central,38.4,Others,Commerce,93,0,21,85.103,Others,1,No,1,2,71.6,Yes,Mkt&HR,Not Placed,
965,M,90.74,Central,60.73,Central,Commerce,85,0,20,79.019,Comm&Mgmt,5,Yes,0,3,98.14,Yes,Mkt&Fin,Not Placed,
966,F,85.67,Others,37,Others,Arts,98,0,22,43.1,Others,1,Yes,0,3,90.9,No,Mkt&HR,Not Placed,
967,M,89.62,Others,67.82,Others,Commerce,98,0,20,79.593,Comm&Mgmt,1,Yes,0,4,74.93,Yes,Jnr.DevOps,Placed,267118
968,M,73.24,Central,88.76,Central,Science,98,0,19,92.4,Sci&Tech,10,Yes,2,4,72.08,Yes,Mkt&Fin,Placed,
969,M,92,Central,75.31,Central,Science,91,0,21,72.016,Sci&Tech,3,Yes,4,3,71.83,Yes,Mkt&HR,Not Placed,
970,M,65.17,Central,98,Others,Science,92,1,20,86.224,Comm&Mgmt,5,Yes,1,2,92.24,Yes,Mkt&Fin,Placed,303890
971,M,78.98,Central,66.46,Central,Science,84,0,19,88.125,Comm&Mgmt,7,Yes,1,4,75.56,Yes,Mkt&Fin,Placed,
972,M,44.88,Central,61.07,Others,Commerce,97,0,22,62.284,Comm&Mgmt,3,Yes,1,2,76.88,No,Mkt&HR,Not Placed,
973,M,40.89,Central,37,Central,Science,87,0,19,43.1,Comm&Mgmt,1,Yes,1,2,44.39,No,Jnr.DevOps,Not Placed,
974,M,92,Central,98,Central,Commerce,98,0,22,85.764,Comm&Mgmt,5,Yes,4,3,77.75,Yes,Mkt&Fin,Placed,324501
975,F,92,Others,98,Central,Commerce,96,0,19,83.898,Comm&Mgmt,6,Yes,0,5,82.4,Yes,SDE,Placed,266738
976,F,79.56,Central,56.27,Others,Science,72,0,22,78.891,Others,2,Yes,2,4,98.85,No,Mkt&HR,Not Placed,
977,M,40.89,Central,37,Central,Commerce,93,0,19,57.501,Comm&Mgmt,1,Yes,2,2,43.02,Yes,SDE,Not Placed,
978,M,57.07,Central,37,Others,Science,74,1,20,73.675,Comm&Mgmt,1,Yes,2,4,91.73,Yes,Mkt&HR,Placed,245700
979,M,81.04,Central,49.57,Others,Arts,88,0,20,65.592,Sci&Tech,9,Yes,1,2,89.57,No,SDE,Not Placed,
980,M,77.17,Central,77.44,Others,Science,87,0,20,88.22,Others,3,Yes,2,3,72.1,Yes,Mkt&Fin,Placed,292584
981,M,52.54,Central,37,Central,Science,76,1,19,77.137,Sci&Tech,1,Yes,1,3,93.31,No,Mkt&Fin,Not Placed,325313
982,M,71.41,Central,61.45,Others,Commerce,90,0,20,72.783,Comm&Mgmt,3,Yes,2,3,90.07,No,Mkt&Fin,Placed,271716
983,M,81.6,Central,75.95,Others,Commerce,84,0,22,87.269,Comm&Mgmt,5,Yes,1,4,75.23,Yes,Mkt&Fin,Placed,
984,M,73.32,Central,61.06,Central,Science,98,0,20,93.506,Comm&Mgmt,8,Yes,1,4,91.4,Yes,Mkt&HR,Placed,200000
985,M,48.37,Central,38.99,Central,Commerce,82,0,19,89.463,Others,1,Yes,2,4,82.29,Yes,Mkt&HR,Not Placed,237582
986,F,55.47,Central,70.84,Central,Commerce,93,1,19,43.1,Comm&Mgmt,1,Yes,2,3,66.88,No,Mkt&Fin,Not Placed,
987,F,58.74,Central,47.95,Central,Commerce,98,0,21,86.634,Comm&Mgmt,1,Yes,1,2,78.86,Yes,Mkt&HR,Placed,
988,M,92,Central,98,Others,Science,77,1,19,74.379,Comm&Mgmt,3,Yes,1,5,75.87,Yes,Mkt&Fin,Placed,220199
989,M,92,Central,57.83,Central,Science,98,0,22,75.018,Sci&Tech,4,Yes,4,3,83.97,Yes,Mkt&HR,Placed,200000
990,F,40.89,Central,61.43,Central,Commerce,98,0,22,87.309,Comm&Mgmt,1,No,1,3,43.02,Yes,Mkt&HR,Placed,293477
991,F,92,Others,83.99,Others,Science,64,0,21,89.862,Comm&Mgmt,3,Yes,1,3,92.89,Yes,Mkt&Fin,Placed,387998
992,F,92,Others,73.44,Others,Commerce,74,1,20,91.314,Comm&Mgmt,1,Yes,1,4,80.43,No,Mkt&Fin,Placed,200000
993,M,40.89,Central,43.53,Others,Arts,98,0,22,43.1,Comm&Mgmt,1,Yes,1,3,89.76,No,Mkt&HR,Not Placed,
994,M,92,Central,54.22,Central,Science,81,1,19,85.059,Comm&Mgmt,5,Yes,1,5,80.65,Yes,Mkt&Fin,Placed,267391
995,F,46.99,Central,42.38,Central,Commerce,78,0,21,65.516,Comm&Mgmt,1,Yes,1,1,89.03,Yes,Mkt&HR,Not Placed,312759
996,M,82.54,Central,57.72,Others,Science,98,0,19,81.505,Sci&Tech,1,Yes,2,3,85.52,Yes,Analyst,Placed,221667
997,F,82.37,Central,63.9,Central,Commerce,83,0,22,79.692,Sci&Tech,5,Yes,2,5,43.02,Yes,Mkt&Fin,Placed,277644
998,M,41.44,Central,90.89,Central,Science,88,0,19,70.919,Comm&Mgmt,2,Yes,1,3,54.28,No,Analyst,Placed,
999,M,68.07,Others,65.74,Others,Science,79,0,22,89.016,Others,5,Yes,2,3,82.11,Yes,Jnr.DevOps,Placed,272963
1000,M,57.57,Central,98,Others,Commerce,92,0,22,70.964,Comm&Mgmt,1,No,1,4,81.21,Yes,Analyst,Placed,
1001,M,78.29,Others,37,Others,Commerce,98,0,19,89.883,Comm&Mgmt,9,No,4,4,73.07,Yes,Mkt&HR,Placed,
1002,M,92,Central,58.86,Central,Science,98,0,19,84.296,Sci&Tech,6,Yes,1,3,76.72,Yes,Mkt&HR,Placed,200000
1003,F,92,Central,68.12,Others,Science,97,0,21,83.393,Comm&Mgmt,4,Yes,1,2,81.4,Yes,Mkt&Fin,Placed,238587
1004,F,40.89,Others,37,Others,Arts,98,1,19,84.903,Sci&Tech,5,Yes,4,4,52.57,Yes,Mkt&HR,Not Placed,
1005,M,89.1,Central,54.75,Others,Commerce,94,0,20,78.513,Sci&Tech,5,Yes,1,3,89.14,No,WebTech,Placed,244601
1006,M,40.89,Central,37,Central,Science,98,3,22,71.237,Sci&Tech,1,Yes,0,3,43.39,No,Mkt&HR,Not Placed,
1007,M,87.58,Others,93.89,Central,Science,93,0,21,69.92,Comm&Mgmt,2,Yes,1,3,90.68,Yes,Mkt&HR,Not Placed,271121
1008,M,64.13,Others,84.8,Others,Science,89,0,21,78.842,Sci&Tech,2,Yes,2,5,76.9,Yes,Mkt&HR,Placed,292211
1009,F,59.3,Others,95.24,Central,Commerce,83,0,19,73.57,Comm&Mgmt,5,Yes,1,2,75.18,Yes,Mkt&HR,Placed,235142
1010,M,92,Central,98,Others,Commerce,73,0,21,80.857,Comm&Mgmt,8,Yes,2,3,98.58,Yes,Mkt&HR,Placed,250032
1011,F,53.76,Others,98,Others,Commerce,98,5,21,73.463,Comm&Mgmt,3,Yes,3,2,55.44,Yes,WebTech,Not Placed,
1012,F,60.37,Central,37,Others,Science,92,1,20,75.293,Sci&Tech,1,Yes,1,4,84.31,Yes,SDE,Not Placed,255477
1013,F,91.31,Central,79.76,Others,Science,98,0,19,97.34,Others,7,No,1,4,92.98,Yes,Mkt&Fin,Placed,211257
1014,M,92,Central,98,Others,Science,91,0,21,97.34,Sci&Tech,1,Yes,1,3,81.28,Yes,Mkt&Fin,Placed,299988
1015,F,52.21,Central,58.34,Central,Commerce,92,1,22,79.06,Others,3,Yes,2,3,98.39,No,Mkt&HR,Not Placed,
1016,M,92,Others,98,Others,Science,96,1,21,89.997,Comm&Mgmt,1,Yes,3,1,72.18,Yes,Mkt&Fin,Placed,312884
1017,M,58.84,Others,37,Others,Science,98,0,22,63.25,Others,1,Yes,1,3,94.85,Yes,Mkt&HR,Placed,273807
1018,F,75.19,Others,57.48,Central,Science,98,0,19,46.738,Comm&Mgmt,6,Yes,1,3,45.38,Yes,Mkt&Fin,Placed,283990
1019,M,65.79,Others,71.1,Others,Science,98,0,19,85.205,Comm&Mgmt,9,Yes,1,4,43.02,Yes,Mkt&Fin,Placed,200000
1020,M,83.44,Central,81,Others,Science,95,1,22,97.34,Sci&Tech,10,Yes,4,5,55.71,No,Mkt&HR,Not Placed,
1021,F,83.13,Central,54.95,Central,Science,76,1,22,55.324,Comm&Mgmt,1,Yes,1,3,80.88,No,Mkt&Fin,Not Placed,
1022,M,66.03,Central,87.36,Others,Commerce,98,0,21,72.402,Sci&Tech,8,Yes,1,2,86.99,Yes,Mkt&Fin,Placed,297039
1023,F,42.33,Central,40.63,Others,Science,64,0,19,85.781,Comm&Mgmt,5,Yes,1,3,96.24,Yes,Mkt&HR,Placed,317752
1024,M,76.37,Others,81.27,Central,Science,98,0,20,97.34,Comm&Mgmt,10,Yes,2,5,85.56,Yes,Analyst,Placed,296880
1025,M,92,Central,98,Others,Commerce,87,0,19,84.082,Comm&Mgmt,1,Yes,3,3,64.53,Yes,Mkt&HR,Placed,
1026,M,73.84,Others,72.04,Others,Science,98,0,21,83.921,Sci&Tech,3,Yes,1,3,76.72,Yes,Mkt&Fin,Placed,342186
1027,M,92,Central,98,Others,Commerce,95,0,20,80.654,Sci&Tech,1,Yes,2,3,87.09,Yes,Mkt&Fin,Not Placed,322541
1028,M,92,Others,37,Central,Science,83,0,19,86.96,Comm&Mgmt,4,Yes,0,4,78.96,Yes,Jnr.DevOps,Not Placed,292615
1029,M,50.14,Central,37,Others,Science,88,0,22,43.1,Sci&Tech,4,Yes,1,3,43.17,No,Mkt&HR,Not Placed,303102
1030,F,78.67,Central,95.38,Others,Science,71,0,21,81.969,Others,2,Yes,2,3,72.4,Yes,Mkt&HR,Placed,313635
1031,M,60.36,Central,57.54,Central,Science,92,2,21,76.363,Sci&Tech,5,Yes,2,4,98.85,Yes,Analyst,Not Placed,202772
1032,F,90.34,Central,47.44,Others,Science,88,0,22,90.958,Comm&Mgmt,4,Yes,1,3,70.27,Yes,Mkt&Fin,Placed,324750
1033,M,92,Others,87.39,Others,Science,96,0,19,79.064,Sci&Tech,10,Yes,1,4,87.02,Yes,Mkt&HR,Placed,271520
1034,M,66.81,Others,37,Central,Science,68,1,19,84.265,Sci&Tech,1,Yes,0,4,60.63,Yes,SDE,Not Placed,
1035,M,92,Central,98,Others,Science,98,0,20,76.19,Sci&Tech,1,Yes,2,4,83.27,Yes,Mkt&Fin,Placed,200000
1036,M,53.9,Central,52.81,Others,Science,98,2,22,67.922,Sci&Tech,1,Yes,1,3,43.02,No,Mkt&HR,Not Placed,331817
1037,M,43,Central,52.37,Others,Commerce,75,0,21,78.532,Sci&Tech,10,No,0,4,98.31,Yes,Mkt&Fin,Placed,309446
1038,M,58.88,Central,37,Others,Commerce,98,0,21,83.03,Comm&Mgmt,1,Yes,1,3,72.85,Yes,Mkt&HR,Not Placed,
1039,M,92,Others,71.57,Others,Commerce,98,0,20,90.805,Comm&Mgmt,6, No,2,4,74.13,Yes,WebTech,Placed,407391
1040,F,62.87,Central,93.68,Central,Commerce,98,0,22,69.801,Comm&Mgmt,4,Yes,1,2,98.85,Yes,WebTech,Placed,227956
1041,F,53.87,Central,98,Others,Commerce,96,2,19,87.591,Sci&Tech,1,Yes,1,3,74.42,Yes,SDE,Placed,269179
1042,M,84.9,Central,58.93,Central,Commerce,98,0,21,97.34,Sci&Tech,7,Yes,4,5,97.55,Yes,Mkt&Fin,Placed,200000
1043,F,84.04,Central,60.88,Others,Arts,98,1,20,85.155,Comm&Mgmt,1,Yes,4,3,77.26,No,Mkt&Fin,Not Placed,
1044,M,89.91,Central,50.89,Central,Science,84,0,21,91.444,Sci&Tech,5,Yes,4,4,82.33,Yes,Mkt&Fin,Placed,292430
1045,M,77.03,Central,90.86,Others,Commerce,64,0,21,87.377,Comm&Mgmt,6,Yes,3,4,89.55,Yes,Mkt&Fin,Placed,281142
1046,M,92,Central,50.61,Central,Science,83,0,19,86.724,Sci&Tech,7,Yes,2,4,97.04,Yes,Mkt&HR,Placed,309324
1047,F,55.67,Others,41.87,Central,Science,85,0,20,66.834,Comm&Mgmt,2,Yes,1,4,51.89,Yes,SDE,Not Placed,
1048,M,64.94,Central,38.92,Others,Commerce,98,0,19,72.765,Sci&Tech,3,Yes,2,4,98.85,Yes,Mkt&Fin,Not Placed,
1049,F,92,Central,68.26,Others,Science,94,0,20,97.34,Sci&Tech,7,Yes,1,3,67.54,Yes,Mkt&HR,Placed,262200
1050,M,47.54,Central,82.42,Others,Commerce,86,0,20,74.918,Others,1,No,0,2,90.57,No,Mkt&HR,Placed,329616
1051,F,68.79,Central,80.22,Others,Science,90,5,19,66.47,Sci&Tech,1,Yes,1,1,78.03,Yes,Mkt&Fin,Not Placed,
1052,F,72.94,Central,85.03,Others,Science,79,0,22,69.23,Sci&Tech,6,Yes,1,1,97.05,No,Mkt&HR,Placed,326110
1053,F,92,Central,62.42,Others,Arts,93,1,22,94.236,Comm&Mgmt,4,Yes,4,4,84.3,Yes,Mkt&Fin,Placed,
1054,F,92,Central,42.69,Central,Commerce,78,0,19,77.514,Sci&Tech,3,Yes,1,3,79.01,Yes,Mkt&Fin,Not Placed,
1055,F,71.01,Central,79.52,Central,Commerce,98,0,21,82.387,Sci&Tech,5,Yes,1,3,75.34,No,Mkt&HR,Placed,212531
1056,M,92,Others,45.73,Others,Science,84,0,19,90.177,Comm&Mgmt,9,Yes,1,4,78.81,Yes,Mkt&Fin,Placed,
1057,M,68.63,Central,37,Central,Science,98,0,22,90.665,Sci&Tech,8,Yes,2,1,55.28,No,WebTech,Not Placed,254343
1058,M,44.62,Central,52.05,Central,Arts,79,1,21,97.34,Comm&Mgmt,2,Yes,3,4,73.65,Yes,Mkt&Fin,Placed,
1059,F,82.76,Central,51.24,Central,Science,74,0,19,95.685,Comm&Mgmt,1,Yes,1,1,58.63,Yes,Mkt&Fin,Not Placed,
1060,M,92,Central,98,Others,Science,90,0,19,83.815,Comm&Mgmt,7,Yes,3,3,74.09,Yes,Mkt&Fin,Placed,200000
1061,F,69.19,Central,98,Central,Commerce,96,3,20,43.1,Comm&Mgmt,6,Yes,1,4,94.88,Yes,Mkt&Fin,Placed,525549
1062,M,71.66,Central,98,Others,Commerce,98,0,21,61.273,Others,7,Yes,0,1,79.01,Yes,Mkt&Fin,Placed,315434
1063,M,82.39,Central,96.87,Central,Science,74,1,21,87.304,Sci&Tech,6,Yes,1,3,43.02,Yes,Mkt&HR,Placed,244141
1064,M,90.03,Central,98,Others,Commerce,77,0,22,79.399,Sci&Tech,6,No,1,3,82.48,Yes,Mkt&Fin,Placed,330533
1065,M,40.89,Central,63,Central,Commerce,92,4,22,43.1,Comm&Mgmt,1,Yes,1,4,75.82,No,Mkt&HR,Not Placed,
1066,M,88.33,Central,56.39,Central,Commerce,98,2,21,77.952,Sci&Tech,1,Yes,1,4,73.66,Yes,Mkt&HR,Placed,
1067,M,92,Central,95.99,Others,Commerce,90,0,21,97.34,Sci&Tech,7,Yes,1,4,87.14,Yes,SDE,Placed,317171
1068,M,40.89,Central,37,Central,Science,76,2,21,43.1,Comm&Mgmt,4,Yes,0,4,75.02,No,Mkt&HR,Not Placed,
1069,F,85.7,Central,75.25,Others,Commerce,79,0,22,49.757,Sci&Tech,10,Yes,2,2,74.31,Yes,Mkt&Fin,Not Placed,
1070,M,40.89,Central,73.82,Central,Science,98,5,20,43.1,Sci&Tech,1,Yes,1,2,74.08,No,Mkt&HR,Not Placed,
1071,M,40.89,Central,98,Others,Science,78,0,20,78.678,Sci&Tech,2,Yes,1,2,76.37,Yes,Jnr.DevOps,Not Placed,330897
1072,F,66.52,Others,53.53,Central,Commerce,98,0,20,55.863,Comm&Mgmt,5,No,2,3,76.78,Yes,SDE,Placed,
1073,M,55.23,Central,48.29,Others,Commerce,98,0,21,91.663,Others,6,Yes,2,1,74.88,Yes,Mkt&Fin,Placed,306991
1074,M,58.72,Central,37,Central,Science,92,0,20,85.924,Sci&Tech,1,Yes,1,4,89.86,Yes,Mkt&Fin,Not Placed,294480
1075,M,92,Central,37.02,Others,Commerce,83,1,20,80.19,Sci&Tech,5,Yes,0,3,79.85,Yes,SDE,Placed,313327
1076,M,62.22,Central,54.52,Others,Commerce,98,0,22,87.41,Sci&Tech,4,Yes,4,4,86.48,No,SDE,Placed,369194
1077,M,57.53,Central,44.11,Others,Science,81,0,19,89.025,Comm&Mgmt,2,No,1,3,80.09,No,Mkt&HR,Not Placed,
1078,F,70.07,Others,37,Others,Science,71,0,19,86.874,Sci&Tech,10,Yes,1,4,76.62,No,Mkt&Fin,Placed,
1079,M,80.64,Central,56.05,Central,Science,84,4,22,74.102,Comm&Mgmt,1,Yes,1,3,57.97,Yes,Mkt&HR,Placed,
1080,F,56.81,Central,38.27,Others,Arts,98,0,22,56.756,Comm&Mgmt,1,Yes,2,3,93.27,No,SDE,Not Placed,
1081,M,86.54,Others,54.33,Others,Commerce,92,0,20,97.34,Comm&Mgmt,1,Yes,1,3,78.45,Yes,Mkt&HR,Placed,216249
1082,F,69.72,Others,95.8,Others,Commerce,70,0,19,84.746,Sci&Tech,1,Yes,4,3,87.95,Yes,Mkt&Fin,Placed,316664
1083,M,77.85,Central,53.35,Others,Science,98,0,22,74.186,Sci&Tech,1,Yes,1,3,78.89,No,SDE,Not Placed,263245
1084,M,92,Central,92.49,Others,Science,75,0,19,90.522,Others,6,Yes,2,3,87.69,Yes,Mkt&HR,Placed,328350
1085,M,50.07,Central,37,Central,Science,66,0,20,90.843,Comm&Mgmt,1,Yes,1,3,92.92,Yes,Mkt&Fin,Not Placed,289875
1086,M,92,Others,98,Others,Science,84,0,20,97.34,Sci&Tech,7,Yes,1,3,84.2,Yes,Mkt&Fin,Placed,237253
1087,M,88.3,Central,38.55,Central,Science,84,0,20,85.966,Sci&Tech,10,Yes,2,4,79.61,Yes,Mkt&HR,Not Placed,202027
1088,M,40.89,Central,78.33,Others,Science,98,1,21,47.097,Sci&Tech,1,Yes,1,3,43.02,No,Mkt&HR,Placed,
1089,M,86.68,Central,63.87,Others,Science,87,0,19,75.238,Comm&Mgmt,4, No,2,2,76.11,Yes,Mkt&HR,Placed,329023
1090,M,69.07,Central,94.28,Others,Arts,86,1,19,48.853,Sci&Tech,4,Yes,2,4,85.62,Yes,Mkt&HR,Placed,277104
1091,M,64.08,Central,62.87,Others,Science,84,1,19,81.075,Sci&Tech,1,Yes,1,1,48.04,No,SDE,Placed,
1092,M,92,Central,98,Others,Commerce,85,0,19,91.661,Sci&Tech,3,Yes,2,4,77.59,Yes,Mkt&Fin,Placed,255740
1093,M,92,Others,98,Others,Commerce,64,0,19,84.866,Sci&Tech,10,Yes,1,4,91.3,Yes,Mkt&HR,Placed,278752
1094,F,74.27,Central,59.97,Central,Science,83,1,21,43.1,Sci&Tech,3,Yes,1,3,72.15,Yes,Mkt&HR,Placed,
1095,M,75.58,Central,59.84,Others,Science,84,0,20,87.297,Sci&Tech,10,Yes,2,4,79.57,Yes,Mkt&HR,Placed,284193
1096,M,60.27,Central,78.71,Others,Science,96,0,20,89.356,Sci&Tech,9,Yes,1,3,80.86,Yes,Mkt&HR,Placed,298097
1097,M,68.46,Others,95.84,Central,Commerce,95,0,20,64.649,Comm&Mgmt,2, No,1,2,77.75,Yes,Mkt&HR,Placed,
1098,M,92,Others,54.02,Others,Commerce,89,0,19,95.15,Others,5,Yes,2,4,76.58,Yes,Mkt&Fin,Placed,511213
1099,M,74.09,Central,94.75,Central,Commerce,73,1,20,81.666,Comm&Mgmt,3,Yes,1,3,88.45,Yes,WebTech,Not Placed,322433
1100,M,53,Others,37,Others,Science,98,0,19,57.786,Sci&Tech,1, No,1,2,55.13,No,SDE,Placed,
1101,M,92,Central,86.05,Others,Science,69,3,21,97.34,Sci&Tech,9,No,1,1,67.88,Yes,Mkt&HR,Not Placed,242939
1102,M,65.16,Others,37,Others,Science,79,0,21,90.701,Others,1,Yes,1,3,79.28,Yes,Mkt&HR,Not Placed,
1103,F,92,Central,55.05,Others,Science,93,1,21,67.709,Others,1,Yes,1,3,43.02,Yes,WebTech,Placed,309027
1104,M,92,Others,98,Others,Science,98,0,21,95.622,Sci&Tech,10,Yes,1,2,56.42,Yes,Mkt&Fin,Placed,
1105,M,51.43,Central,98,Central,Science,87,0,19,84.054,Sci&Tech,10,Yes,2,3,83.45,Yes,Jnr.DevOps,Placed,545207
1106,M,92,Central,98,Others,Science,75,0,19,84.553,Comm&Mgmt,5,Yes,1,4,95.88,Yes,Jnr.DevOps,Placed,256948
1107,F,85.85,Central,50.22,Central,Commerce,75,0,20,84.338,Sci&Tech,3,Yes,1,5,80.46,No,Mkt&Fin,Placed,283422
1108,F,73.79,Others,53.11,Others,Science,64,0,22,84.342,Others,5,Yes,1,2,98.85,Yes,Mkt&HR,Not Placed,241565
1109,M,92,Central,53.24,Others,Commerce,92,1,22,91.465,Sci&Tech,1,Yes,1,5,48.93,Yes,WebTech,Not Placed,
1110,F,40.89,Others,37,Others,Science,79,0,22,68.038,Sci&Tech,1,Yes,1,1,76.89,Yes,Mkt&Fin,Not Placed,
1111,M,59.59,Central,37,Others,Science,96,0,21,87.471,Comm&Mgmt,5,Yes,1,1,76.65,No,Mkt&HR,Placed,290340
1112,F,61.88,Others,61.68,Central,Science,97,4,19,75.662,Comm&Mgmt,5,Yes,4,3,81.94,Yes,Mkt&Fin,Not Placed,
1113,F,92,Central,95.67,Others,Arts,75,0,19,91.276,Sci&Tech,9,Yes,3,4,84.74,Yes,Mkt&Fin,Placed,311145
1114,F,79.9,Central,98,Others,Science,87,1,20,83.932,Sci&Tech,6,Yes,2,4,72.36,No,Mkt&Fin,Not Placed,301776
1115,M,40.89,Central,37,Others,Science,80,0,20,45.838,Others,1,Yes,1,2,50.95,No,Mkt&Fin,Not Placed,
1116,M,65.21,Central,55.05,Central,Science,98,0,20,83.109,Comm&Mgmt,5,Yes,1,3,50.11,Yes,Mkt&HR,Placed,280653
1117,F,92,Central,95.2,Others,Science,98,0,21,82.441,Sci&Tech,5,Yes,1,4,76.28,Yes,Mkt&HR,Placed,312414
1118,M,87.8,Central,37,Others,Commerce,79,1,21,43.1,Sci&Tech,3,Yes,1,3,45.58,No,Mkt&HR,Not Placed,329535
1119,M,40.89,Others,39.75,Central,Commerce,93,1,19,92.561,Comm&Mgmt,1,Yes,0,3,93.86,No,Mkt&HR,Not Placed,
1120,M,92,Central,51.06,Central,Commerce,91,2,21,80.102,Comm&Mgmt,1,Yes,3,5,85.04,Yes,SDE,Not Placed,200000
1121,M,90.68,Others,51.31,Central,Science,79,0,19,96.944,Sci&Tech,4,Yes,1,4,95.01,Yes,Jnr.DevOps,Placed,
1122,M,40.89,Central,37,Central,Commerce,98,0,22,58.174,Sci&Tech,1,Yes,0,1,70.05,No,Mkt&HR,Not Placed,
1123,M,73.12,Central,40.76,Others,Arts,98,0,22,74.546,Comm&Mgmt,7,Yes,2,5,92.51,Yes,Mkt&HR,Not Placed,665901
1124,M,75.05,Central,74.93,Others,Commerce,97,0,21,84.577,Comm&Mgmt,3, No,1,2,82.89,Yes,Mkt&Fin,Not Placed,
1125,F,90.77,Central,76.8,Others,Commerce,88,0,21,91.049,Comm&Mgmt,1,Yes,2,1,76.55,Yes,Mkt&Fin,Placed,236214
1126,M,92,Others,74.14,Others,Science,85,5,19,73.77,Sci&Tech,2, No,0,2,56.72,Yes,Mkt&Fin,Not Placed,294492
1127,M,92,Central,96.41,Others,Science,85,0,21,91.115,Comm&Mgmt,4,Yes,1,4,68.81,Yes,Mkt&Fin,Placed,200000
1128,M,88.1,Central,37,Others,Science,84,0,20,97.34,Others,7,Yes,2,4,89,Yes,Mkt&Fin,Placed,287671
1129,M,90.22,Central,86.92,Others,Science,98,0,19,97.34,Sci&Tech,4,Yes,1,4,78.53,Yes,Mkt&Fin,Placed,411068
1130,F,40.89,Central,39.12,Others,Commerce,97,0,19,79.802,Sci&Tech,10,Yes,2,4,75.62,Yes,Mkt&HR,Placed,
1131,M,70.46,Central,64.93,Central,Commerce,75,0,19,97.34,Comm&Mgmt,4,Yes,0,5,97.42,Yes,Analyst,Placed,216849
1132,M,86.96,Central,37,Others,Commerce,90,0,20,97.34,Comm&Mgmt,5,Yes,1,5,83.24,Yes,Mkt&HR,Placed,
1133,F,46.4,Central,46.91,Central,Science,98,1,21,67.46,Sci&Tech,1,Yes,1,4,43.02,No,Jnr.DevOps,Not Placed,
1134,M,92,Central,37,Central,Commerce,73,0,22,90.08,Sci&Tech,5,Yes,2,3,94.57,Yes,Mkt&HR,Not Placed,229743
1135,F,40.89,Central,63.41,Others,Science,98,1,19,67.487,Comm&Mgmt,1,Yes,1,1,86.63,Yes,Mkt&Fin,Not Placed,
1136,F,92,Others,98,Others,Science,91,0,19,76.244,Sci&Tech,10,Yes,1,4,89.64,Yes,Analyst,Placed,238524
1137,M,40.89,Central,42.35,Central,Commerce,98,0,19,72.669,Comm&Mgmt,3,Yes,1,4,43.02,No,Mkt&Fin,Not Placed,
1138,M,42.24,Others,37,Others,Science,79,1,19,92.604,Sci&Tech,1, No,0,3,43.02,No,Mkt&Fin,Not Placed,331332
1139,M,64.88,Others,54.55,Others,Science,67,0,20,97.34,Comm&Mgmt,2,Yes,2,1,93.04,No,Mkt&HR,Placed,240963
1140,M,74.66,Others,74.51,Central,Commerce,97,5,19,84.045,Others,4,Yes,1,3,80.25,Yes,WebTech,Placed,200000
1141,F,70.87,Others,55.74,Others,Arts,98,0,19,51.57,Comm&Mgmt,3,Yes,2,3,74.97,No,Mkt&Fin,Not Placed,287965
1142,M,70.72,Central,76.84,Others,Commerce,98,0,22,77.863,Others,5,Yes,1,2,95.81,Yes,SDE,Placed,
1143,F,40.89,Central,60.88,Central,Commerce,98,1,22,80.426,Others,3,Yes,2,4,43.02,No,Mkt&Fin,Not Placed,
1144,F,89.8,Others,98,Others,Science,76,0,22,69.75,Comm&Mgmt,6,Yes,2,3,98.85,No,SDE,Placed,
1145,M,91.8,Central,98,Others,Science,86,1,21,82.971,Comm&Mgmt,4,Yes,2,4,87.62,No,Mkt&Fin,Placed,
1146,M,60.82,Central,98,Central,Commerce,93,0,19,80.064,Comm&Mgmt,5,Yes,1,3,98.81,Yes,Mkt&HR,Placed,301376
1147,M,74.16,Central,58.93,Central,Science,64,0,20,90.667,Sci&Tech,1,No,1,3,63.33,Yes,Mkt&HR,Not Placed,418106
1148,F,80.86,Central,77.32,Others,Commerce,69,0,21,43.1,Sci&Tech,1,Yes,1,3,77.98,Yes,SDE,Placed,320903
1149,M,68.85,Central,89.5,Others,Arts,98,0,21,71.208,Sci&Tech,3,Yes,1,1,72.45,No,Mkt&HR,Placed,
1150,M,78.8,Central,65.88,Central,Science,70,0,19,95.896,Sci&Tech,1,Yes,1,4,78.69,Yes,Mkt&Fin,Placed,
1151,M,91.11,Others,43.38,Others,Science,98,0,20,86.285,Sci&Tech,4,Yes,1,3,82.66,Yes,Mkt&HR,Not Placed,308759
1152,M,40.89,Central,74.17,Central,Arts,93,2,20,63.132,Comm&Mgmt,1,Yes,3,3,43.02,No,Mkt&HR,Not Placed,
1153,F,91.32,Central,68.83,Others,Science,98,0,19,97.34,Comm&Mgmt,1,Yes,1,5,72.31,Yes,Mkt&Fin,Not Placed,
1154,F,92,Others,74.01,Central,Science,95,0,22,79.465,Sci&Tech,8,Yes,1,4,93.6,Yes,SDE,Placed,435905
1155,M,81.06,Others,62.22,Others,Science,98,0,20,97.34,Comm&Mgmt,9, No,2,2,74.69,Yes,Mkt&Fin,Placed,330979
1156,F,40.89,Others,66.7,Others,Science,75,0,21,71.453,Comm&Mgmt,2,Yes,2,4,94.4,Yes,Mkt&HR,Not Placed,292960
1157,M,92,Central,60.9,Others,Science,79,0,20,83.042,Sci&Tech,5,Yes,2,3,93.67,Yes,Mkt&HR,Not Placed,315252
1158,F,84.07,Central,73.25,Others,Commerce,83,0,21,91.963,Others,8,Yes,1,4,74.85,Yes,Mkt&Fin,Placed,285571
1159,M,40.89,Central,37,Central,Science,81,1,22,78.889,Comm&Mgmt,6,Yes,1,4,76.25,Yes,Mkt&HR,Placed,
1160,M,75.91,Central,72.93,Others,Science,98,0,20,85.256,Comm&Mgmt,1,Yes,1,3,78.4,Yes,Mkt&HR,Placed,311693
1161,F,80.17,Central,98,Central,Science,83,0,21,44.071,Comm&Mgmt,2,Yes,1,3,91.45,No,Mkt&HR,Not Placed,296410
1162,M,42.66,Central,73.91,Others,Commerce,90,5,19,65.878,Comm&Mgmt,1,Yes,1,1,70.1,Yes,Mkt&HR,Not Placed,
1163,M,45.7,Others,37,Others,Commerce,98,0,19,81.69,Comm&Mgmt,1,Yes,0,2,75.83,Yes,Mkt&HR,Not Placed,
1164,M,43.82,Others,37,Others,Commerce,87,1,21,82.983,Sci&Tech,6,No,1,3,76.56,Yes,Mkt&Fin,Placed,
1165,F,57.82,Central,39.49,Others,Science,89,0,21,78.675,Sci&Tech,7,Yes,0,1,78.59,Yes,Mkt&HR,Placed,
1166,M,64.45,Central,49.31,Others,Commerce,81,1,21,85.428,Sci&Tech,3,Yes,1,3,78.39,Yes,Mkt&HR,Placed,
1167,M,74.57,Others,98,Others,Science,98,1,22,81.865,Sci&Tech,1,No,2,1,84.01,No,Mkt&Fin,Not Placed,
1168,M,91.84,Others,98,Others,Commerce,94,0,19,93.954,Sci&Tech,8,Yes,1,2,93.55,Yes,Jnr.DevOps,Placed,218635
1169,M,92,Central,61.01,Central,Science,78,0,20,92.286,Sci&Tech,6,Yes,2,1,77.38,Yes,Mkt&Fin,Placed,331719
1170,M,89.74,Central,38.42,Central,Commerce,81,0,22,48.868,Comm&Mgmt,1,Yes,1,1,48.47,Yes,Mkt&Fin,Placed,
1171,M,82.83,Central,51.57,Central,Commerce,89,1,19,79.396,Sci&Tech,3,Yes,1,3,76.18,Yes,Mkt&Fin,Not Placed,
1172,M,78.35,Central,76.58,Others,Commerce,86,0,22,96.883,Sci&Tech,4,Yes,4,3,43.97,Yes,WebTech,Placed,
1173,M,56.45,Central,70.39,Others,Commerce,82,1,19,43.665,Comm&Mgmt,4,Yes,0,3,81.14,Yes,Mkt&Fin,Not Placed,316723
1174,M,88.34,Central,56.75,Others,Commerce,98,0,19,68.674,Sci&Tech,1,Yes,0,5,80.25,Yes,Mkt&HR,Placed,274603
1175,M,53.43,Central,37,Others,Arts,80,1,22,75.251,Sci&Tech,4,Yes,1,1,64.76,Yes,Mkt&HR,Placed,
1176,M,83.4,Others,98,Others,Science,78,0,22,82.659,Sci&Tech,1,Yes,1,1,78.99,Yes,Mkt&HR,Not Placed,328340
1177,F,92,Central,98,Others,Science,83,0,19,97.34,Sci&Tech,1,Yes,1,4,76.19,Yes,Mkt&HR,Placed,443950
1178,F,92,Central,87.69,Others,Science,84,0,21,79.723,Comm&Mgmt,4,Yes,1,3,82.67,Yes,Mkt&Fin,Placed,
1179,M,40.89,Central,39.82,Central,Science,98,1,20,67.091,Comm&Mgmt,3,Yes,1,2,49.99,No,Mkt&HR,Not Placed,
1180,M,92,Central,71.27,Central,Science,87,0,20,66.77,Sci&Tech,1,Yes,1,3,78.73,Yes,Mkt&Fin,Placed,556291
1181,M,67.96,Others,37,Others,Commerce,83,0,19,95.555,Comm&Mgmt,1,Yes,2,3,87.08,Yes,Analyst,Placed,304649
1182,M,75.81,Others,89.91,Others,Arts,98,0,20,80.029,Sci&Tech,2,Yes,3,1,86.68,Yes,Analyst,Not Placed,256155
1183,M,88.36,Central,98,Central,Science,98,0,20,80.589,Others,5,Yes,1,3,97.85,Yes,Analyst,Placed,229850
1184,M,91.47,Central,62.35,Others,Science,64,0,21,73.727,Comm&Mgmt,9,Yes,0,4,89.99,No,Mkt&Fin,Placed,287475
1185,M,40.89,Central,74.18,Central,Arts,98,0,21,43.1,Sci&Tech,1,Yes,0,3,74.24,No,Analyst,Not Placed,
1186,M,56.29,Central,54.66,Others,Commerce,98,1,20,85.392,Sci&Tech,2,Yes,0,1,85.61,No,Mkt&HR,Not Placed,
1187,M,79.42,Central,37,Central,Science,98,1,19,87.986,Comm&Mgmt,5,Yes,1,4,86.83,Yes,Mkt&HR,Not Placed,
1188,M,80.13,Central,98,Others,Science,98,0,20,85.715,Sci&Tech,6,Yes,2,3,78.91,Yes,Jnr.DevOps,Placed,318481
1189,M,84.97,Central,71.28,Central,Commerce,64,0,19,83.121,Comm&Mgmt,1,No,2,3,71.23,No,Mkt&Fin,Placed,320460
1190,M,49.32,Central,58.98,Central,Science,80,0,21,88.572,Comm&Mgmt,4,Yes,1,1,86.22,No,SDE,Not Placed,
1191,F,92,Central,60.98,Central,Arts,74,0,21,95.907,Sci&Tech,7,Yes,1,3,82.16,Yes,Mkt&HR,Placed,
1192,F,65.62,Central,66.09,Others,Commerce,98,4,20,97.34,Comm&Mgmt,1,Yes,1,3,93.16,No,Mkt&HR,Placed,
1193,M,40.89,Central,41.84,Others,Commerce,87,1,21,61.247,Comm&Mgmt,2,Yes,4,1,71.14,No,Mkt&Fin,Not Placed,
1194,M,76.7,Central,89.6,Others,Science,98,1,22,81.009,Others,1,Yes,4,3,72.81,Yes,Mkt&Fin,Placed,262912
1195,M,40.89,Central,56.31,Central,Science,69,0,22,76.601,Others,7,Yes,1,3,98.85,Yes,Mkt&Fin,Not Placed,
1196,F,72.7,Central,98,Others,Commerce,65,0,20,74.576,Comm&Mgmt,9,Yes,1,4,98.85,Yes,Mkt&HR,Placed,326274
1197,M,47.46,Central,98,Others,Commerce,88,0,22,43.1,Others,5,Yes,2,2,82.91,No,Mkt&Fin,Not Placed,
1198,M,75.69,Others,81.82,Others,Science,83,0,20,81.055,Others,4,Yes,1,4,70.08,Yes,Mkt&Fin,Placed,333728
1199,F,45.22,Central,41.23,Central,Science,91,4,21,54.924,Comm&Mgmt,7,Yes,1,4,56.87,Yes,Mkt&HR,Not Placed,
1200,M,83.94,Central,60.09,Others,Science,76,0,20,71.183,Comm&Mgmt,7,Yes,2,3,97.22,Yes,Mkt&HR,Not Placed,235091
1201,F,84.4,Others,74.06,Others,Science,74,1,21,60.066,Comm&Mgmt,1,Yes,4,3,77.35,Yes,Analyst,Placed,
1202,M,74.65,Others,51.81,Others,Science,98,0,20,79.98,Sci&Tech,4,Yes,1,5,79.41,Yes,Mkt&HR,Placed,200000
1203,M,75.02,Central,58.89,Others,Science,98,1,19,80.835,Sci&Tech,5,Yes,1,4,92.97,Yes,Mkt&Fin,Placed,283218
1204,M,92,Others,90.07,Others,Commerce,82,0,21,97.34,Sci&Tech,4,Yes,1,3,76.17,Yes,Mkt&Fin,Placed,316852
1205,M,40.89,Central,94.08,Others,Science,83,1,22,43.1,Comm&Mgmt,1,Yes,2,3,95.3,Yes,Mkt&Fin,Not Placed,322539
1206,M,92,Central,48.82,Others,Science,73,0,19,80.832,Comm&Mgmt,1,Yes,1,3,74.35,Yes,Mkt&HR,Placed,520258
1207,M,89.95,Central,84.68,Others,Science,64,0,19,86.611,Sci&Tech,1,Yes,1,3,81.96,Yes,WebTech,Placed,330537
1208,M,64.53,Central,54.43,Others,Science,87,0,19,85.15,Comm&Mgmt,4,Yes,1,4,75.62,No,Mkt&HR,Placed,
1209,M,79.29,Central,37,Others,Science,81,1,21,90.153,Comm&Mgmt,1,Yes,1,3,43.07,No,Mkt&Fin,Not Placed,
1210,F,92,Central,95.04,Others,Commerce,74,0,21,92.707,Comm&Mgmt,6,Yes,1,4,98.85,Yes,SDE,Placed,278693
1211,M,40.96,Central,76.32,Central,Commerce,98,0,22,80.984,Comm&Mgmt,8, No,4,3,75.62,Yes,Mkt&HR,Placed,294399
1212,M,65.32,Central,82.19,Central,Science,98,0,21,75.253,Comm&Mgmt,3,Yes,4,3,68.68,Yes,Mkt&Fin,Not Placed,270534
1213,F,79.25,Central,50.19,Others,Science,80,0,22,64.722,Comm&Mgmt,4,Yes,1,2,90.17,No,Mkt&HR,Not Placed,
1214,F,63.84,Central,50.71,Others,Science,73,1,22,73.973,Sci&Tech,1,Yes,1,4,86.72,No,Mkt&HR,Not Placed,
1215,M,78.8,Others,68.49,Central,Science,98,0,19,69.919,Others,1,Yes,2,1,90.64,Yes,SDE,Placed,
1216,M,70.11,Others,71.92,Others,Commerce,78,0,19,56.282,Sci&Tech,3,Yes,2,4,84.56,Yes,Mkt&Fin,Placed,200000
1217,M,54.49,Central,70.63,Central,Commerce,76,0,21,76.447,Sci&Tech,4,Yes,1,1,90.28,Yes,Mkt&Fin,Not Placed,319159
1218,M,41.63,Central,37,Central,Science,79,0,21,43.1,Sci&Tech,1,Yes,3,2,65.73,No,Mkt&HR,Not Placed,
1219,M,40.89,Central,45.88,Central,Arts,66,0,21,65.04,Comm&Mgmt,1,Yes,1,3,43.79,No,Mkt&HR,Not Placed,
1220,M,57.14,Central,48.23,Others,Science,86,1,21,79.384,Sci&Tech,1,Yes,1,3,98.85,No,Mkt&HR,Not Placed,313441
1221,F,67.38,Central,68.14,Others,Science,86,0,21,76.561,Sci&Tech,10,Yes,2,2,82.17,Yes,Mkt&HR,Placed,315118
1222,M,92,Others,89.98,Others,Science,72,0,20,82.824,Sci&Tech,10,No,2,4,82.23,Yes,Mkt&Fin,Placed,309168
1223,M,59.01,Others,40.97,Others,Science,86,0,22,97.34,Comm&Mgmt,1,Yes,1,1,88.72,Yes,Mkt&Fin,Not Placed,278867
1224,M,64.34,Central,87.24,Others,Commerce,76,0,21,79.274,Sci&Tech,9,Yes,2,3,77.45,Yes,Mkt&Fin,Placed,200000
1225,F,45.08,Central,91.97,Central,Commerce,98,0,22,81.781,Sci&Tech,4,Yes,2,3,98.28,Yes,WebTech,Placed,940000
1226,M,92,Others,59.68,Central,Commerce,79,0,21,43.1,Comm&Mgmt,1,Yes,1,2,77.71,Yes,Mkt&Fin,Placed,221671
1227,F,87.81,Others,96.89,Others,Commerce,82,2,20,57.316,Comm&Mgmt,7,Yes,2,3,98.41,Yes,SDE,Not Placed,207882
1228,M,60.53,Central,56.68,Central,Science,98,0,20,65.296,Comm&Mgmt,6,Yes,0,4,91.32,Yes,Mkt&Fin,Not Placed,209309
1229,F,79.42,Central,98,Others,Commerce,80,0,19,97.34,Sci&Tech,4,Yes,2,1,44.5,Yes,Mkt&Fin,Placed,310027
1230,M,82.47,Central,48.73,Central,Commerce,81,0,21,90.302,Sci&Tech,7,Yes,2,4,89.33,Yes,Mkt&Fin,Placed,
1231,M,92,Others,45.08,Others,Commerce,82,1,20,91.868,Comm&Mgmt,1,No,1,4,88.68,Yes,Mkt&Fin,Not Placed,
1232,F,71.28,Central,98,Central,Science,80,0,19,75.668,Sci&Tech,1,Yes,2,3,55.92,No,Analyst,Not Placed,
1233,F,40.89,Central,87.05,Central,Commerce,98,0,19,58.529,Comm&Mgmt,8,Yes,1,3,79.12,No,Mkt&Fin,Placed,
1234,M,92,Central,98,Others,Science,98,0,19,88.364,Sci&Tech,9,Yes,2,4,76.82,Yes,Mkt&Fin,Placed,224837
1235,M,68.99,Central,98,Others,Commerce,77,0,20,43.1,Sci&Tech,6,Yes,1,1,83.68,Yes,Mkt&HR,Placed,318201
1236,F,40.89,Central,37,Central,Science,86,0,21,66.819,Comm&Mgmt,1,Yes,1,1,45.28,Yes,Mkt&HR,Not Placed,
1237,M,73.59,Central,51.54,Others,Commerce,98,0,19,79.643,Others,5,Yes,0,4,74.14,Yes,Mkt&HR,Placed,293526
1238,M,78.04,Central,98,Others,Arts,64,0,20,84.539,Comm&Mgmt,7,Yes,1,3,84.74,Yes,Analyst,Placed,297226
1239,M,92,Others,42.88,Others,Commerce,69,0,19,90.019,Others,6,Yes,2,3,98.85,Yes,Analyst,Placed,301419
1240,M,91.72,Others,69.62,Central,Commerce,86,0,20,97.34,Comm&Mgmt,3,Yes,4,4,68.77,Yes,Jnr.DevOps,Not Placed,301830
1241,M,72.25,Central,80.53,Others,Commerce,77,0,21,76.366,Sci&Tech,4,Yes,1,4,74,Yes,Mkt&Fin,Placed,268118
1242,M,58.95,Central,37,Others,Science,84,0,21,43.1,Comm&Mgmt,1,No,0,3,87.37,No,Mkt&HR,Not Placed,
1243,F,40.89,Central,37,Others,Science,98,0,20,43.1,Comm&Mgmt,1,Yes,1,4,43.02,No,Mkt&HR,Not Placed,
1244,M,74.91,Central,82.12,Others,Science,90,0,21,79.219,Sci&Tech,6,Yes,1,4,89.13,Yes,Mkt&Fin,Placed,472160
1245,F,57.59,Central,47.16,Central,Science,98,0,22,43.1,Sci&Tech,1,Yes,1,3,98.85,Yes,Mkt&HR,Not Placed,323691
1246,M,62.32,Central,70.23,Central,Science,69,5,21,79.829,Sci&Tech,7,Yes,1,4,79.92,Yes,Mkt&Fin,Placed,
1247,M,92,Others,72.46,Others,Science,93,0,20,97.34,Sci&Tech,9,Yes,1,3,75.33,Yes,Mkt&Fin,Placed,273974
1248,F,63.39,Central,67.01,Central,Commerce,91,0,21,43.1,Sci&Tech,5,Yes,1,3,80.81,No,Mkt&HR,Not Placed,230508
1249,M,63.06,Central,42.46,Others,Commerce,75,0,21,77.849,Comm&Mgmt,1,Yes,2,3,92.36,Yes,Mkt&HR,Placed,289349
1250,F,92,Others,97.21,Central,Science,98,0,19,88.228,Comm&Mgmt,6,Yes,2,3,92.26,Yes,Mkt&Fin,Placed,274379
1251,M,87.45,Central,67.07,Others,Science,64,0,19,87.068,Comm&Mgmt,7,Yes,0,4,98.85,Yes,Mkt&Fin,Placed,251559
1252,M,92,Central,98,Others,Science,98,0,19,97.34,Comm&Mgmt,10,Yes,3,4,76.45,Yes,Mkt&Fin,Placed,272858
1253,M,92,Central,69.28,Others,Commerce,88,0,21,97.34,Sci&Tech,6,Yes,1,4,77.37,Yes,Mkt&HR,Placed,317400
1254,M,56.8,Others,98,Others,Commerce,87,0,22,43.1,Comm&Mgmt,1,Yes,1,1,90.96,No,Analyst,Not Placed,
1255,M,92,Central,98,Others,Commerce,74,0,21,86.847,Sci&Tech,8,Yes,1,3,98.85,Yes,Mkt&HR,Placed,336615
1256,M,71.38,Central,74.03,Others,Commerce,89,0,22,48.157,Comm&Mgmt,1,Yes,2,2,76.04,No,WebTech,Not Placed,
1257,M,92,Others,61.73,Others,Commerce,85,1,21,86.514,Comm&Mgmt,5,Yes,2,5,77.18,Yes,SDE,Placed,307550
1258,M,53.88,Central,98,Others,Science,75,0,21,43.1,Comm&Mgmt,3,Yes,0,3,48.56,No,Mkt&Fin,Placed,303206
1259,M,92,Central,52.5,Central,Science,98,0,22,97.34,Sci&Tech,5,Yes,2,4,90.3,Yes,Mkt&Fin,Placed,
1260,M,84.16,Central,76.53,Central,Commerce,97,0,19,60.283,Sci&Tech,1,Yes,2,3,79.32,Yes,Analyst,Not Placed,287189
1261,M,47.98,Central,69.08,Others,Commerce,70,1,19,57.878,Comm&Mgmt,4,Yes,1,4,72.83,No,Mkt&Fin,Not Placed,309264
1262,F,49.18,Central,53.15,Others,Commerce,84,1,22,69.585,Comm&Mgmt,3,Yes,2,1,98.85,No,Mkt&Fin,Not Placed,
1263,F,51.93,Central,65.66,Central,Science,82,0,21,76.24,Sci&Tech,3,No,2,1,81.11,No,Analyst,Not Placed,
1264,M,88.92,Others,91.35,Others,Commerce,68,0,20,89.599,Sci&Tech,10,Yes,2,3,43.02,Yes,Mkt&Fin,Placed,296592
1265,M,40.89,Others,52.18,Central,Science,84,5,19,64.255,Comm&Mgmt,4,Yes,1,3,43.02,Yes,Analyst,Placed,200000
1266,F,86.63,Central,80.49,Central,Science,83,0,21,77.385,Comm&Mgmt,1,Yes,2,1,74.23,Yes,Mkt&Fin,Placed,328798
1267,M,74.07,Central,72.39,Central,Commerce,98,0,22,47.306,Comm&Mgmt,1,Yes,2,3,97.72,No,Mkt&Fin,Placed,299677
1268,M,92,Central,70.17,Central,Science,90,1,22,88.444,Sci&Tech,9,Yes,1,2,93.36,Yes,Mkt&Fin,Not Placed,
1269,M,92,Others,53.95,Central,Science,64,0,21,80.228,Comm&Mgmt,9,Yes,1,2,98.83,Yes,WebTech,Placed,289205
1270,M,77.02,Central,72.16,Central,Commerce,98,0,20,79.906,Comm&Mgmt,4,Yes,1,3,77.16,Yes,Mkt&Fin,Placed,200000
1271,M,74.03,Central,93.19,Central,Science,98,0,21,76.27,Comm&Mgmt,1,Yes,1,5,82.37,No,SDE,Placed,319782
1272,M,61.21,Central,37,Others,Science,98,0,21,84.417,Sci&Tech,5,Yes,1,3,69.08,Yes,Mkt&Fin,Not Placed,
1273,M,51.9,Central,86.25,Central,Commerce,98,4,21,46.774,Comm&Mgmt,1,No,1,3,48.7,No,Mkt&HR,Not Placed,
1274,M,92,Central,79.11,Others,Commerce,98,1,22,77.45,Comm&Mgmt,1,Yes,0,1,70.62,Yes,Mkt&HR,Placed,339588
1275,F,49.05,Central,37,Central,Commerce,84,1,20,87.575,Comm&Mgmt,7,No,1,3,98.85,Yes,Mkt&HR,Placed,
1276,M,92,Central,98,Others,Science,98,1,20,83.307,Sci&Tech,3,Yes,2,1,85.56,Yes,Mkt&Fin,Placed,467016
1277,M,63.6,Others,37,Central,Commerce,80,0,19,57.342,Sci&Tech,2,Yes,4,3,83.29,Yes,SDE,Placed,
1278,M,61.48,Central,51.64,Others,Arts,87,0,22,43.369,Comm&Mgmt,1,Yes,3,3,78.44,No,Mkt&HR,Placed,
1279,F,92,Central,92.16,Others,Commerce,79,0,20,78.774,Comm&Mgmt,1,Yes,1,4,78.05,Yes,Mkt&Fin,Placed,302535
1280,M,50.29,Central,37,Central,Commerce,98,0,21,94.208,Comm&Mgmt,8,Yes,1,3,76.59,No,Mkt&HR,Placed,
1281,F,92,Central,77.27,Others,Commerce,78,0,22,66.19,Sci&Tech,5,Yes,1,1,88.06,Yes,Mkt&HR,Placed,331076
1282,M,92,Others,61.16,Others,Science,88,0,20,77.891,Comm&Mgmt,1,Yes,4,5,82.1,Yes,Mkt&Fin,Placed,200000
1283,F,86.22,Others,90.26,Others,Science,98,1,19,92.061,Comm&Mgmt,6,No,2,1,76.92,Yes,Mkt&HR,Placed,210129
1284,M,40.89,Central,37,Central,Science,98,0,22,97.091,Sci&Tech,1,Yes,2,4,68.6,No,SDE,Not Placed,200000
1285,M,40.89,Central,77.26,Others,Science,81,0,20,73.733,Comm&Mgmt,5,Yes,1,4,43.02,Yes,Mkt&HR,Not Placed,
1286,M,69.2,Central,83.17,Others,Commerce,98,0,22,80.983,Sci&Tech,4,Yes,1,2,78.26,No,Mkt&HR,Placed,
1287,F,86.26,Others,68.19,Central,Commerce,88,0,21,97.34,Sci&Tech,6,Yes,1,3,79.07,Yes,Mkt&HR,Placed,
1288,M,63.89,Central,37,Central,Commerce,98,0,20,97.34,Sci&Tech,9,Yes,1,3,48.4,Yes,Mkt&HR,Placed,
1289,M,92,Central,47.89,Others,Science,89,0,22,43.1,Comm&Mgmt,4,Yes,1,3,89.14,Yes,Analyst,Not Placed,231039
1290,M,68.55,Central,39.82,Others,Science,75,0,19,81.314,Comm&Mgmt,7,Yes,1,3,85.8,Yes,Mkt&Fin,Placed,
1291,F,64.24,Central,65.39,Others,Commerce,89,0,21,79.954,Sci&Tech,9,Yes,1,3,87.48,Yes,Mkt&Fin,Not Placed,287870
1292,F,76.4,Others,37,Central,Science,81,0,19,92.39,Sci&Tech,10,No,1,2,89.53,Yes,Mkt&HR,Placed,
1293,M,68.63,Others,91.68,Central,Science,76,0,21,43.1,Sci&Tech,5,No,1,3,82.31,Yes,Mkt&Fin,Placed,
1294,M,49.18,Central,37,Central,Science,92,1,20,81.638,Sci&Tech,9,Yes,1,4,69.1,Yes,Mkt&HR,Not Placed,
1295,M,86.98,Central,98,Others,Science,69,0,19,97.34,Comm&Mgmt,10, No,1,3,89.19,Yes,SDE,Placed,200000
1296,F,81.39,Others,37,Central,Science,87,0,21,97.34,Sci&Tech,1,Yes,1,1,89.53,Yes,Mkt&Fin,Placed,291634
1297,F,82.07,Central,96.22,Others,Commerce,89,5,19,75.937,Comm&Mgmt,1,Yes,1,3,43.02,Yes,Mkt&Fin,Placed,
1298,M,79.78,Central,64.84,Central,Commerce,68,2,21,79.847,Comm&Mgmt,1,Yes,1,3,67.31,Yes,Mkt&HR,Not Placed,
1299,F,40.89,Central,79.09,Central,Commerce,98,0,22,65.024,Comm&Mgmt,1,Yes,1,3,43.02,No,Mkt&Fin,Not Placed,
1300,F,82.04,Central,96.26,Others,Commerce,91,0,19,87.302,Comm&Mgmt,4,Yes,1,3,75.76,Yes,Mkt&Fin,Placed,328975
1301,M,49.32,Central,51.9,Others,Science,98,0,20,72.662,Sci&Tech,6,Yes,1,3,70.52,Yes,Mkt&Fin,Not Placed,
1302,F,81.36,Central,37,Others,Science,78,0,21,57.058,Comm&Mgmt,5,Yes,2,3,78.45,No,Mkt&Fin,Placed,
1303,M,85.11,Central,52.44,Others,Science,78,0,20,83.992,Others,5,Yes,1,5,79.4,No,Mkt&HR,Placed,257533
1304,M,92,Central,72.81,Central,Commerce,81,0,22,91.265,Comm&Mgmt,10,Yes,1,4,98.85,No,Mkt&Fin,Placed,
1305,M,70.26,Central,37,Others,Science,85,0,19,92.828,Sci&Tech,1,Yes,1,3,80.01,Yes,Mkt&Fin,Placed,327321
1306,F,88.73,Central,79.81,Central,Commerce,98,0,21,70.48,Comm&Mgmt,1,Yes,2,2,48.8,No,Analyst,Not Placed,
1307,M,69.96,Central,37,Central,Science,88,2,20,43.1,Comm&Mgmt,1,Yes,0,4,70.46,Yes,Mkt&HR,Not Placed,
1308,M,62.34,Central,37,Others,Science,84,0,22,64.734,Comm&Mgmt,5,Yes,2,3,96.05,Yes,SDE,Placed,200000
1309,F,58.77,Central,95.82,Others,Commerce,82,5,19,80.977,Comm&Mgmt,4,Yes,1,3,44.6,No,Mkt&Fin,Placed,287186
1310,M,67.38,Others,51.27,Others,Science,81,1,20,80.231,Sci&Tech,5,Yes,4,1,53.9,Yes,Mkt&Fin,Placed,245738
1311,M,40.89,Central,72.41,Others,Arts,86,3,21,83.09,Comm&Mgmt,3,Yes,1,3,58.09,No,Mkt&HR,Placed,
1312,M,92,Central,96.69,Others,Science,70,0,20,74.179,Comm&Mgmt,1,Yes,1,3,89.83,Yes,Analyst,Placed,269358
1313,F,86.6,Others,84.64,Central,Commerce,96,1,21,97.34,Comm&Mgmt,1,Yes,1,1,74.85,Yes,Mkt&HR,Placed,289609
1314,F,85.69,Central,58.82,Central,Commerce,96,0,22,97.34,Comm&Mgmt,5, No,1,3,95.12,Yes,Mkt&Fin,Placed,274016
1315,M,67.12,Central,54.51,Central,Science,81,1,21,84.007,Comm&Mgmt,5,Yes,1,3,96.14,Yes,Mkt&Fin,Placed,289824
1316,M,58.66,Central,37,Others,Science,87,0,19,90.607,Sci&Tech,1,Yes,1,1,78.8,Yes,Mkt&Fin,Not Placed,
1317,M,88.27,Central,65.53,Others,Commerce,88,0,21,90.028,Comm&Mgmt,6,Yes,4,3,48.05,Yes,Mkt&HR,Placed,272202
1318,M,52.01,Central,60.26,Others,Science,98,0,22,77.032,Comm&Mgmt,5,Yes,1,3,87.54,Yes,Mkt&Fin,Placed,228879
1319,M,92,Others,98,Central,Commerce,96,0,20,89.115,Others,1,Yes,2,4,72.87,Yes,Mkt&HR,Placed,
1320,M,84.19,Others,85.93,Others,Science,77,0,19,79.562,Sci&Tech,4,No,1,4,85.77,Yes,Mkt&Fin,Placed,
1321,M,73.21,Central,98,Others,Commerce,70,0,21,91.597,Sci&Tech,10,Yes,4,4,96.76,Yes,Mkt&Fin,Placed,268274
1322,M,92,Central,98,Others,Arts,73,0,20,89.37,Comm&Mgmt,8,Yes,1,3,79.74,Yes,Jnr.DevOps,Placed,265252
1323,F,71.73,Central,56.22,Others,Science,84,0,19,92.976,Others,1,Yes,2,5,47.24,No,SDE,Placed,494334
1324,M,89.49,Central,98,Others,Science,90,0,21,87.965,Sci&Tech,1,Yes,2,1,86.86,Yes,Mkt&HR,Placed,269632
1325,M,81.52,Central,61.03,Central,Science,69,5,22,66.748,Sci&Tech,1,Yes,2,1,80.43,No,Analyst,Placed,
1326,M,40.89,Central,37,Central,Arts,98,3,22,74.214,Comm&Mgmt,1,No,0,1,64.94,No,Mkt&HR,Not Placed,
1327,F,92,Central,48.74,Others,Science,89,3,21,84.902,Sci&Tech,1,Yes,1,1,47.8,Yes,Mkt&HR,Not Placed,327604
1328,M,91.65,Others,62.02,Others,Science,98,0,21,93.338,Comm&Mgmt,7,Yes,1,5,74.81,Yes,Mkt&Fin,Placed,413598
1329,M,92,Others,96.01,Others,Science,98,1,21,82.816,Sci&Tech,3,Yes,2,1,88.62,No,Mkt&HR,Placed,
1330,M,92,Others,55.58,Central,Commerce,95,0,21,94.589,Comm&Mgmt,2,Yes,3,1,91.02,Yes,Mkt&HR,Placed,287906
1331,M,69.9,Central,76.95,Others,Arts,75,0,21,53.918,Sci&Tech,3,Yes,1,5,80.5,Yes,Mkt&Fin,Placed,
1332,F,77.91,Central,98,Others,Commerce,95,1,21,76.991,Comm&Mgmt,7,No,2,4,43.02,Yes,Jnr.DevOps,Not Placed,298802
1333,F,46.66,Central,82.85,Central,Commerce,92,0,21,82.44,Comm&Mgmt,3,Yes,4,3,67.8,Yes,Mkt&Fin,Placed,
1334,M,92,Central,92.36,Others,Science,84,0,22,87.22,Comm&Mgmt,3,Yes,4,4,84.15,Yes,WebTech,Not Placed,290581
1335,M,63.31,Central,79.91,Central,Commerce,91,0,22,60.684,Comm&Mgmt,1,Yes,1,3,67.89,Yes,WebTech,Placed,324728
1336,F,84.58,Central,58.86,Others,Science,86,0,19,73.628,Comm&Mgmt,4,Yes,1,4,43.02,Yes,Jnr.DevOps,Not Placed,
1337,M,70.64,Central,83.49,Central,Commerce,98,0,19,81.673,Sci&Tech,1,Yes,1,4,98.15,Yes,Mkt&HR,Placed,
1338,F,92,Central,60.74,Central,Science,81,0,19,97.34,Sci&Tech,3,Yes,1,1,98.85,Yes,Mkt&HR,Placed,
1339,M,92,Others,72.49,Central,Commerce,84,0,20,97.34,Sci&Tech,5,Yes,1,4,75.04,Yes,Mkt&Fin,Placed,200000
1340,M,92,Others,44.57,Others,Science,95,0,22,85.469,Sci&Tech,3,Yes,1,4,98.85,No,Mkt&HR,Placed,291596
1341,M,53.47,Central,91.69,Central,Commerce,98,0,21,70.628,Sci&Tech,4,Yes,1,3,69.02,Yes,Mkt&HR,Not Placed,
1342,M,52.99,Central,58.5,Others,Science,81,0,20,78.447,Sci&Tech,4,Yes,1,2,48.96,Yes,Mkt&Fin,Placed,291589
1343,M,77.27,Central,62.62,Others,Commerce,98,0,22,66.106,Sci&Tech,6,Yes,1,4,77.31,Yes,Analyst,Not Placed,221288
1344,M,40.89,Central,55.45,Others,Commerce,71,0,20,63.022,Sci&Tech,8,Yes,2,3,98.85,No,Mkt&HR,Not Placed,
1345,M,64.02,Central,63.33,Others,Science,84,0,19,86.606,Sci&Tech,4,Yes,1,1,61.92,No,Mkt&Fin,Placed,
1346,M,59.24,Others,40.26,Central,Commerce,98,1,19,83.935,Comm&Mgmt,4,Yes,0,3,90.34,Yes,Mkt&HR,Placed,
1347,M,87.98,Central,71.31,Others,Science,86,0,21,94.445,Comm&Mgmt,10,Yes,1,4,93.08,Yes,Mkt&HR,Not Placed,320647
1348,M,74.6,Central,92.87,Others,Commerce,98,0,19,85.62,Sci&Tech,10,Yes,1,3,76.5,Yes,Mkt&Fin,Placed,283918
1349,M,92,Others,95.19,Others,Commerce,71,0,19,82.976,Sci&Tech,5,Yes,2,4,74.71,Yes,Mkt&Fin,Placed,200000
1350,F,92,Central,64.54,Central,Science,76,0,21,91.007,Comm&Mgmt,3,Yes,1,4,84.86,Yes,Mkt&Fin,Placed,300808
1351,M,85.74,Central,43.09,Central,Science,96,0,22,96.531,Comm&Mgmt,6,Yes,1,3,63.74,Yes,Mkt&HR,Placed,311386
1352,F,40.89,Others,44.03,Central,Science,86,1,19,62.885,Sci&Tech,7,Yes,0,3,98.85,No,Mkt&Fin,Not Placed,
1353,M,92,Others,98,Central,Science,74,0,20,97.34,Sci&Tech,10,Yes,1,3,86.15,Yes,Mkt&Fin,Placed,262994
1354,F,77.25,Central,49.53,Others,Science,87,5,19,84.085,Sci&Tech,1,Yes,1,3,76.78,Yes,Mkt&Fin,Not Placed,275772
1355,M,40.89,Central,37,Others,Science,74,0,19,67.258,Sci&Tech,10,Yes,4,4,95.25,Yes,Mkt&HR,Not Placed,
1356,M,50.12,Central,59.43,Others,Arts,98,1,22,45.872,Comm&Mgmt,1,Yes,2,1,43.02,Yes,Analyst,Not Placed,
1357,M,92,Central,98,Central,Science,76,1,19,91.944,Comm&Mgmt,1,Yes,0,3,96.97,Yes,Mkt&Fin,Placed,
1358,M,87.9,Central,57.37,Central,Commerce,92,0,19,96.296,Comm&Mgmt,9,Yes,1,3,94.94,Yes,Mkt&Fin,Placed,276097
1359,M,75.78,Central,63.7,Others,Science,98,0,19,88.982,Sci&Tech,1,Yes,1,1,43.02,No,Mkt&HR,Not Placed,
1360,F,43.5,Others,68,Others,Science,90,0,22,54.324,Comm&Mgmt,1,Yes,4,2,73.34,Yes,Mkt&Fin,Placed,302128
1361,M,89,Others,75.27,Central,Arts,98,0,19,94.222,Comm&Mgmt,5,Yes,1,3,69.74,Yes,Jnr.DevOps,Placed,313945
1362,M,40.89,Central,49.87,Others,Science,88,0,22,84.711,Others,6,Yes,1,5,70.23,Yes,Mkt&HR,Placed,290710
1363,M,55.53,Central,52.92,Central,Science,85,0,21,84.042,Others,4,Yes,1,4,46.69,No,Analyst,Not Placed,
1364,M,50.29,Central,37,Central,Commerce,98,0,19,91.553,Others,1,Yes,3,3,60.62,No,Mkt&HR,Placed,269301
1365,M,90.57,Others,66.38,Central,Science,93,0,21,92.584,Sci&Tech,6,No,1,3,90.56,Yes,Mkt&HR,Placed,323430
1366,M,56.85,Central,46.13,Central,Science,98,0,22,55.312,Sci&Tech,1,Yes,0,3,81.43,Yes,Mkt&HR,Placed,297776
1367,M,92,Central,98,Others,Commerce,85,0,20,91.612,Comm&Mgmt,1,Yes,2,3,98.85,Yes,Mkt&Fin,Placed,299283
1368,F,73.15,Central,98,Central,Commerce,80,0,19,63.711,Comm&Mgmt,1,Yes,1,3,43.02,Yes,Mkt&HR,Not Placed,301025
1369,M,66.07,Central,71.22,Central,Science,81,0,20,83.418,Sci&Tech,10,Yes,2,4,78.68,No,Mkt&HR,Placed,570808
1370,M,49.8,Central,37,Others,Commerce,98,0,21,83.66,Sci&Tech,2,Yes,4,5,43.6,Yes,Mkt&HR,Placed,
1371,F,59.36,Central,71.67,Central,Commerce,89,0,21,53.854,Sci&Tech,6,Yes,1,5,72.53,Yes,Mkt&HR,Placed,299410
1372,M,77.66,Central,63.68,Central,Commerce,77,2,22,85.9,Comm&Mgmt,4,Yes,2,3,81.63,No,Mkt&HR,Placed,319200
1373,F,70.16,Central,42.96,Others,Science,98,2,22,78.949,Comm&Mgmt,6,Yes,3,5,78.69,Yes,Jnr.DevOps,Placed,
1374,M,76.02,Central,43.19,Central,Commerce,98,0,20,66.134,Sci&Tech,1,Yes,1,1,43.02,Yes,Mkt&HR,Not Placed,
1375,F,40.89,Central,37,Central,Science,78,0,21,96.039,Sci&Tech,2,Yes,1,3,87.11,No,Jnr.DevOps,Not Placed,
1376,F,69.91,Central,59.51,Others,Science,64,0,19,43.1,Others,1,Yes,2,3,72.36,Yes,Mkt&Fin,Not Placed,245477
1377,M,86.58,Central,58.84,Others,Commerce,85,0,21,97.34,Sci&Tech,4,Yes,2,3,77.11,Yes,Mkt&Fin,Placed,
1378,M,92,Central,98,Others,Commerce,96,1,22,85.871,Sci&Tech,1,Yes,1,4,80.66,Yes,Mkt&Fin,Placed,273961
1379,M,40.89,Central,45.91,Central,Commerce,78,3,22,88.569,Comm&Mgmt,10,Yes,1,3,43.02,Yes,Mkt&HR,Placed,218952
1380,F,82.89,Central,70,Central,Science,86,0,21,97.34,Comm&Mgmt,7,Yes,1,3,63.51,Yes,Analyst,Not Placed,320197
1381,M,68.84,Central,73.52,Others,Science,67,2,20,96.383,Comm&Mgmt,6,Yes,3,3,98.85,Yes,Mkt&HR,Placed,304795
1382,M,48.82,Central,48.99,Others,Arts,87,0,19,95.102,Comm&Mgmt,5,Yes,1,3,43.02,No,Mkt&Fin,Placed,200000
1383,M,84.16,Central,42.11,Central,Commerce,71,0,19,97.34,Sci&Tech,1,Yes,1,4,61.22,Yes,Mkt&Fin,Placed,265334
1384,M,47.57,Central,72.51,Central,Commerce,98,0,19,78.22,Sci&Tech,5,Yes,2,5,85.62,Yes,Mkt&Fin,Placed,200000
1385,M,89.88,Others,76.81,Others,Science,89,1,20,86.297,Sci&Tech,1,Yes,2,1,67.84,Yes,Mkt&HR,Not Placed,548601
1386,M,72.72,Central,59.7,Others,Science,67,0,20,89.648,Comm&Mgmt,5,Yes,2,4,75.35,Yes,Mkt&Fin,Placed,200000
1387,F,89.87,Central,37,Central,Commerce,75,0,20,97.34,Comm&Mgmt,1,Yes,1,3,64.05,Yes,Mkt&Fin,Not Placed,
1388,M,86.5,Central,63.51,Central,Commerce,64,0,21,97.34,Sci&Tech,4,Yes,2,3,83.15,Yes,Mkt&HR,Placed,282479
1389,M,56.73,Central,78.05,Central,Commerce,98,3,21,71.735,Others,2,Yes,2,3,47.71,No,Mkt&Fin,Not Placed,325483
1390,M,40.89,Central,51.65,Others,Science,68,1,19,84.465,Comm&Mgmt,6,Yes,1,5,81.75,No,Mkt&HR,Not Placed,284525
1391,M,84.23,Others,60.87,Central,Science,91,0,22,81.509,Comm&Mgmt,3,Yes,4,4,52.98,Yes,Mkt&HR,Placed,266586
1392,M,81.42,Central,37,Others,Commerce,64,4,20,97.34,Comm&Mgmt,8,Yes,1,4,75.57,No,Jnr.DevOps,Placed,
1393,F,78.08,Central,66.62,Others,Commerce,88,0,22,73.476,Comm&Mgmt,1,Yes,1,2,77.83,No,Mkt&Fin,Placed,289803
1394,F,92,Central,37,Others,Commerce,85,0,19,85.843,Comm&Mgmt,1,Yes,2,4,76.57,No,Mkt&Fin,Not Placed,
1395,F,42.72,Central,57.56,Central,Science,98,0,20,74.059,Sci&Tech,5,Yes,1,3,89.2,Yes,Mkt&Fin,Placed,
1396,F,90.4,Others,37,Central,Commerce,78,0,19,94.853,Others,1,Yes,1,5,78.03,Yes,Jnr.DevOps,Placed,
1397,F,66.41,Central,52.64,Others,Science,98,0,19,79.58,Comm&Mgmt,1,Yes,1,1,74.19,Yes,Mkt&Fin,Placed,216834
1398,F,86.03,Others,63.51,Others,Commerce,97,1,21,81.332,Comm&Mgmt,1,Yes,1,1,82.17,Yes,Mkt&Fin,Not Placed,322099
1399,M,82.76,Central,63.81,Others,Commerce,90,1,19,57.928,Comm&Mgmt,5,Yes,2,3,87.98,Yes,Analyst,Placed,
1400,M,92,Central,44.78,Others,Science,98,0,20,92.221,Comm&Mgmt,8,Yes,1,1,72.1,No,Mkt&Fin,Placed,290057
1401,F,72.51,Central,54.9,Central,Commerce,98,1,20,43.1,Comm&Mgmt,1,No,1,3,60.56,Yes,Mkt&Fin,Placed,266110
1402,M,63.58,Others,43.04,Central,Science,81,1,21,85.812,Sci&Tech,4,Yes,2,2,79.21,Yes,Mkt&Fin,Placed,224870
1403,M,92,Central,50,Others,Commerce,83,0,19,88.899,Others,6,Yes,4,4,69.78,Yes,Mkt&Fin,Placed,267023
1404,F,92,Central,98,Others,Commerce,76,0,21,97.34,Sci&Tech,3,Yes,1,3,80.52,Yes,Mkt&Fin,Placed,291138
1405,F,40.89,Central,41.22,Central,Science,74,3,19,44.402,Comm&Mgmt,1,Yes,1,2,93.16,Yes,WebTech,Not Placed,
1406,M,88.43,Central,74.7,Others,Science,88,0,19,84.131,Comm&Mgmt,1,No,2,4,75.12,Yes,WebTech,Placed,301608
1407,M,92,Others,58.02,Central,Science,98,1,20,71.422,Sci&Tech,2,Yes,1,3,94.88,Yes,Mkt&HR,Placed,309081
1408,M,84.36,Central,98,Central,Arts,85,1,20,86.587,Sci&Tech,10,Yes,1,4,74.5,Yes,Mkt&HR,Placed,326501
1409,M,82.46,Others,74.73,Others,Commerce,95,5,22,90.971,Comm&Mgmt,6,Yes,1,3,75.97,Yes,Jnr.DevOps,Placed,
1410,F,61.9,Central,55.1,Others,Science,92,0,19,89.269,Sci&Tech,6,Yes,1,4,78.82,Yes,Mkt&Fin,Placed,
1411,M,92,Central,84.46,Others,Science,98,0,20,97.34,Others,5,Yes,2,5,78.91,Yes,Mkt&Fin,Placed,200000
1412,M,72.55,Central,58.86,Central,Commerce,98,0,19,85.796,Others,1,Yes,3,2,74.69,No,Mkt&Fin,Not Placed,
1413,M,92,Central,91.14,Others,Commerce,98,0,19,63.709,Comm&Mgmt,5,Yes,0,3,85.8,Yes,Analyst,Placed,
1414,M,85.55,Central,98,Central,Science,98,0,21,90.089,Sci&Tech,1,Yes,1,2,78.21,Yes,Mkt&Fin,Placed,286026
1415,M,58.76,Central,51.66,Central,Commerce,73,5,19,64.049,Comm&Mgmt,1,Yes,1,1,79.68,Yes,Analyst,Placed,268584
1416,F,40.89,Central,53.94,Others,Science,92,3,22,61.416,Comm&Mgmt,3,Yes,0,3,92.56,No,Mkt&Fin,Not Placed,
1417,M,74.22,Central,90.01,Others,Science,76,0,21,93.31,Comm&Mgmt,6,Yes,1,4,77.78,No,Mkt&HR,Placed,302388
1418,F,88.22,Central,37,Central,Science,98,0,22,91.629,Sci&Tech,1,Yes,1,1,43.02,No,Mkt&Fin,Placed,306708
1419,F,74.03,Central,52.2,Others,Commerce,83,0,21,72.206,Comm&Mgmt,7,Yes,1,3,98.85,No,Mkt&HR,Not Placed,305200
1420,M,70.51,Others,93.91,Others,Science,64,0,20,76.615,Comm&Mgmt,9,Yes,1,4,85.06,Yes,Analyst,Placed,338634
1421,M,40.89,Others,54,Central,Science,83,0,21,82.554,Comm&Mgmt,4,Yes,3,1,92.76,Yes,Mkt&HR,Not Placed,
1422,M,90.05,Central,89.42,Others,Commerce,64,0,22,93.058,Sci&Tech,9,Yes,1,4,92.06,Yes,Mkt&Fin,Placed,529213
1423,M,50.52,Others,51.54,Central,Science,75,1,20,65.192,Sci&Tech,4,Yes,2,1,77.57,Yes,Mkt&HR,Not Placed,200000
1424,M,50.3,Central,76.29,Others,Commerce,69,1,22,57.647,Sci&Tech,1,Yes,0,4,84.66,Yes,Mkt&HR,Not Placed,297904
1425,F,89.18,Others,84.87,Others,Commerce,64,5,21,97.34,Sci&Tech,5,Yes,1,3,85.7,Yes,Mkt&Fin,Placed,285705
1426,M,67.45,Central,37,Central,Commerce,98,0,21,79.946,Sci&Tech,8,Yes,1,3,57.02,Yes,Mkt&Fin,Placed,322424
1427,M,44.99,Others,37,Central,Commerce,83,2,19,43.1,Comm&Mgmt,1,Yes,1,5,98.85,No,Mkt&HR,Not Placed,
1428,M,40.89,Central,79.17,Central,Science,89,0,22,73.174,Sci&Tech,3,No,1,1,69.85,No,Mkt&HR,Placed,
1429,F,73.83,Central,53.46,Others,Science,84,4,20,88.779,Sci&Tech,1,Yes,1,4,72.26,Yes,Mkt&Fin,Placed,
1430,M,92,Others,98,Others,Commerce,77,0,22,97.34,Sci&Tech,10,Yes,2,4,87.69,Yes,Mkt&HR,Placed,200000
1431,M,92,Central,98,Others,Commerce,98,0,20,81.03,Others,3,Yes,1,3,88.79,Yes,Mkt&Fin,Not Placed,275589
1432,M,81.78,Central,48.26,Others,Commerce,98,0,20,76.732,Comm&Mgmt,9,Yes,3,2,78.26,Yes,WebTech,Placed,200000
1433,M,55.99,Central,46.74,Others,Commerce,98,0,20,43.1,Comm&Mgmt,1,Yes,1,2,92.47,Yes,Mkt&HR,Not Placed,
1434,M,52.46,Central,64.03,Central,Commerce,64,0,20,82.073,Comm&Mgmt,6,Yes,1,3,80.47,Yes,Mkt&Fin,Placed,
1435,M,69.74,Others,43.89,Central,Science,93,0,21,81.795,Comm&Mgmt,5,Yes,1,3,88.77,Yes,Mkt&HR,Not Placed,
1436,M,84.89,Central,37,Others,Science,82,0,22,91.361,Sci&Tech,1,Yes,3,3,66.12,No,Mkt&HR,Not Placed,
1437,M,81.45,Central,56.38,Others,Science,98,5,22,91.982,Sci&Tech,4,Yes,4,3,90.21,Yes,SDE,Not Placed,247171
1438,F,87.39,Central,49.88,Others,Science,75,0,19,86.928,Sci&Tech,8,Yes,1,4,96.02,Yes,SDE,Placed,320884
1439,M,40.89,Central,51.45,Central,Science,98,1,21,43.1,Sci&Tech,1,Yes,1,1,71.79,No,Mkt&Fin,Not Placed,
1440,F,76.73,Others,94.06,Central,Science,98,0,21,68.131,Comm&Mgmt,3,No,1,1,94.32,No,WebTech,Not Placed,
1441,F,59.32,Central,47.22,Central,Commerce,98,0,19,65.952,Sci&Tech,1,Yes,1,3,97.85,Yes,Mkt&Fin,Not Placed,272821
1442,M,92,Central,59.11,Others,Commerce,98,0,21,43.1,Sci&Tech,5,Yes,3,3,96.45,Yes,Mkt&HR,Not Placed,
1443,M,92,Central,98,Others,Commerce,86,0,21,97.34,Comm&Mgmt,7,Yes,2,4,77.83,Yes,Mkt&Fin,Placed,200000
1444,F,66.16,Central,57.82,Central,Science,72,0,21,81.918,Comm&Mgmt,5,Yes,1,4,79.42,Yes,Mkt&Fin,Not Placed,321396
1445,M,84.7,Central,50.88,Central,Science,91,0,19,61.724,Sci&Tech,1,Yes,1,4,63.03,Yes,Mkt&HR,Placed,377740
1446,F,92,Central,37,Others,Science,71,1,21,89.569,Comm&Mgmt,4,Yes,3,1,88,Yes,Mkt&Fin,Not Placed,289397
1447,M,92,Central,63.97,Central,Science,74,0,21,97.34,Comm&Mgmt,4,Yes,4,4,75.65,Yes,Mkt&HR,Placed,
1448,M,67.43,Others,44.56,Central,Commerce,73,0,19,81.621,Sci&Tech,1,Yes,1,1,57.77,Yes,Jnr.DevOps,Not Placed,286586
1449,M,55.34,Central,78.39,Central,Science,94,0,19,90.321,Sci&Tech,4,No,1,3,96.87,No,Mkt&Fin,Placed,251340
1450,F,70.72,Central,44.77,Central,Science,98,0,21,69.912,Sci&Tech,3,Yes,1,2,75.18,Yes,SDE,Placed,517785
1451,M,78.6,Others,74.23,Others,Science,98,0,21,87.873,Comm&Mgmt,8,Yes,2,5,76.84,Yes,Mkt&Fin,Placed,447880
1452,M,92,Others,69.74,Others,Science,64,1,19,90.745,Sci&Tech,7,Yes,2,3,70.01,Yes,Mkt&HR,Placed,326119
1453,M,77.5,Central,37,Others,Science,76,0,21,75.903,Comm&Mgmt,8,Yes,1,5,95.51,Yes,Mkt&Fin,Not Placed,334372
1454,F,92,Central,98,Others,Commerce,73,0,19,64.613,Sci&Tech,4,Yes,1,4,80.92,Yes,Mkt&HR,Placed,335303
1455,F,85,Central,69.47,Others,Commerce,75,0,21,89.042,Comm&Mgmt,6,Yes,1,1,77.24,Yes,Mkt&HR,Not Placed,
1456,M,71.32,Others,75.36,Others,Commerce,91,1,21,84.044,Comm&Mgmt,10,Yes,1,3,59.79,Yes,Mkt&Fin,Not Placed,282147
1457,F,40.89,Others,60.71,Others,Commerce,89,2,22,50.422,Comm&Mgmt,5,Yes,1,3,80.43,Yes,Mkt&HR,Not Placed,
1458,M,65.23,Central,54.22,Central,Commerce,92,0,21,76.303,Comm&Mgmt,4,Yes,1,1,43.02,Yes,Mkt&HR,Not Placed,328884
1459,M,69.83,Central,37,Others,Science,89,0,19,83.876,Comm&Mgmt,1,No,3,3,68.53,Yes,Mkt&HR,Not Placed,
1460,M,84.99,Central,96.86,Central,Science,90,0,19,82.894,Comm&Mgmt,5,Yes,2,3,77.04,Yes,Mkt&Fin,Placed,285503
1461,F,57.83,Others,41.59,Others,Science,82,0,21,59.823,Sci&Tech,3,Yes,0,3,80.34,Yes,Mkt&Fin,Placed,
1462,M,53.17,Others,52.84,Central,Science,88,0,19,81.301,Sci&Tech,10,No,1,3,98.85,Yes,Mkt&HR,Placed,260768
1463,M,56.75,Central,40.08,Central,Science,95,0,22,76.578,Sci&Tech,9,No,1,3,92.07,Yes,Mkt&HR,Not Placed,
1464,M,92,Central,98,Others,Science,87,0,22,97.34,Sci&Tech,7,Yes,1,4,94.33,Yes,Mkt&HR,Placed,285021
1465,M,88.17,Central,37,Central,Arts,87,0,22,90.183,Sci&Tech,5,Yes,1,3,78.72,No,Mkt&HR,Placed,
1466,F,91.92,Central,60.18,Others,Commerce,80,0,20,83.633,Comm&Mgmt,1,Yes,1,1,77.85,Yes,Mkt&Fin,Placed,284811
1467,F,92,Others,55.59,Central,Arts,76,0,19,97.34,Others,1,No,2,1,43.02,Yes,Jnr.DevOps,Not Placed,
1468,M,90.27,Central,79.38,Others,Science,90,0,19,85.831,Comm&Mgmt,6,Yes,3,3,62.57,Yes,WebTech,Placed,213993
1469,F,62.06,Central,84.52,Central,Commerce,89,1,20,43.1,Sci&Tech,4,Yes,1,4,77.08,Yes,Mkt&Fin,Placed,
1470,F,60.68,Central,67.6,Others,Science,86,0,20,51.776,Comm&Mgmt,3,Yes,1,1,82.59,No,Mkt&HR,Not Placed,
1471,F,52.24,Central,98,Central,Science,83,3,19,76.122,Others,3,Yes,1,3,71.51,Yes,Mkt&HR,Not Placed,
1472,M,40.89,Central,53.46,Others,Commerce,98,5,20,43.1,Comm&Mgmt,1,Yes,2,1,86.35,No,Mkt&HR,Not Placed,
1473,F,40.89,Central,49.35,Central,Commerce,98,5,21,65.123,Comm&Mgmt,1,Yes,2,3,43.02,No,Mkt&HR,Not Placed,
1474,M,85.79,Central,37,Central,Commerce,84,1,19,79.351,Comm&Mgmt,2,Yes,3,4,98.85,No,SDE,Placed,
1475,F,85.06,Central,77.24,Others,Science,64,0,21,78.249,Comm&Mgmt,5,No,1,4,64.09,Yes,Mkt&Fin,Placed,
1476,F,63.45,Central,98,Central,Science,74,1,21,70.392,Comm&Mgmt,2,Yes,1,3,87.91,Yes,Mkt&Fin,Not Placed,
1477,M,42.09,Others,79.83,Central,Commerce,80,0,22,93.518,Sci&Tech,9,Yes,1,4,91.64,Yes,Mkt&HR,Placed,325793
1478,F,68.22,Others,56.54,Others,Commerce,98,0,22,79.337,Others,7,Yes,0,5,85.77,No,Mkt&HR,Placed,
1479,F,61.65,Others,42.11,Others,Commerce,88,0,19,85.939,Comm&Mgmt,6,Yes,2,4,76.66,Yes,WebTech,Placed,
1480,M,63.18,Others,89.32,Others,Commerce,98,1,19,77.989,Sci&Tech,5,Yes,1,1,72.52,No,WebTech,Placed,
1481,F,80.81,Central,67.74,Central,Commerce,98,0,21,76.761,Comm&Mgmt,5,Yes,2,3,92.89,No,SDE,Not Placed,286020
1482,M,86.02,Others,59.59,Others,Commerce,98,1,19,69.24,Comm&Mgmt,5,Yes,2,2,93,Yes,SDE,Placed,
1483,F,50.66,Central,49.67,Central,Commerce,98,0,22,57.91,Comm&Mgmt,5,No,1,1,85.22,No,Mkt&Fin,Not Placed,234783
1484,M,86.13,Central,44.56,Central,Commerce,98,1,22,67.207,Comm&Mgmt,4,Yes,1,5,55.96,Yes,Mkt&HR,Placed,
1485,F,51.81,Central,37,Central,Commerce,85,1,22,76.415,Comm&Mgmt,2,Yes,1,3,74.91,No,Mkt&HR,Not Placed,
1486,M,40.89,Central,45.2,Central,Science,98,1,20,63.358,Comm&Mgmt,1,No,1,4,50.48,No,Mkt&HR,Not Placed,
1487,F,88.85,Central,37,Others,Commerce,80,0,20,73.414,Others,4,Yes,2,4,90.98,Yes,Mkt&Fin,Not Placed,
1488,M,66.93,Central,40.39,Central,Commerce,72,5,21,60.147,Sci&Tech,1,Yes,1,3,85.74,Yes,Mkt&HR,Not Placed,301857
1489,M,43.58,Others,52.19,Central,Commerce,85,0,21,93.006,Sci&Tech,7,Yes,2,1,73.87,Yes,Mkt&HR,Placed,332902
1490,F,40.89,Central,61.34,Central,Science,85,1,21,84.141,Comm&Mgmt,1,Yes,1,4,48.71,No,Mkt&Fin,Not Placed,
1491,M,92,Others,54.25,Others,Commerce,91,0,21,82.068,Comm&Mgmt,3,Yes,1,4,88.49,Yes,Mkt&Fin,Placed,278941
1492,M,40.89,Central,37,Central,Commerce,70,0,19,78.532,Comm&Mgmt,1,Yes,0,1,52.15,No,Mkt&HR,Not Placed,
1493,M,40.89,Central,46.36,Central,Commerce,69,0,19,64.46,Comm&Mgmt,4,Yes,0,3,73.78,Yes,Mkt&Fin,Placed,
1494,M,72.79,Central,52.84,Central,Commerce,92,0,22,54.383,Sci&Tech,4,Yes,1,4,87.58,Yes,Mkt&HR,Placed,
1495,F,40.89,Central,98,Central,Commerce,98,0,21,71.716,Comm&Mgmt,10,Yes,2,4,81.8,Yes,Mkt&Fin,Placed,
1496,M,61.68,Central,37,Others,Science,90,2,21,71.438,Sci&Tech,1,Yes,2,1,43.02,No,Mkt&HR,Not Placed,
1497,M,40.89,Central,54.88,Others,Science,98,0,19,68.22,Sci&Tech,1,Yes,1,3,74.19,No,Analyst,Not Placed,
1498,M,48.25,Central,43.83,Others,Commerce,98,0,21,54.055,Sci&Tech,1,Yes,1,4,70.91,Yes,Mkt&Fin,Not Placed,
1499,M,92,Central,68.58,Others,Science,92,0,20,79.227,Comm&Mgmt,5,Yes,2,3,84.03,Yes,SDE,Not Placed,
1500,F,83.59,Central,42.61,Central,Commerce,81,0,21,86.987,Comm&Mgmt,3,Yes,1,5,76.77,Yes,Mkt&HR,Placed,308290
1501,F,92,Central,68.25,Others,Commerce,64,1,20,82.135,Comm&Mgmt,3,Yes,1,4,90.9,Yes,Mkt&HR,Not Placed,
1502,M,82.04,Central,59.8,Others,Commerce,95,0,22,47.65,Comm&Mgmt,1,Yes,1,3,78.1,Yes,Mkt&HR,Placed,
1503,M,40.89,Central,65.6,Others,Arts,85,0,21,78.817,Comm&Mgmt,7,Yes,1,3,92.9,Yes,SDE,Placed,
1504,M,66.67,Others,38.82,Central,Commerce,64,1,19,76.854,Comm&Mgmt,5,Yes,3,5,76.13,Yes,Mkt&HR,Placed,
1505,M,71.13,Central,92.73,Central,Science,83,0,20,97.34,Comm&Mgmt,4,No,2,5,91.96,Yes,Mkt&HR,Placed,280861
1506,F,89.17,Central,59.98,Central,Commerce,95,0,20,52.876,Comm&Mgmt,2,Yes,1,4,85.48,Yes,Mkt&HR,Placed,
1507,M,73.89,Central,73.42,Central,Science,89,0,19,73.352,Sci&Tech,7,Yes,1,1,61.11,Yes,Mkt&HR,Placed,309454
1508,F,75.97,Others,45.01,Others,Science,98,0,21,82.531,Comm&Mgmt,1,Yes,0,1,87.79,No,Mkt&HR,Not Placed,433569
1509,F,92,Central,58.07,Others,Science,75,0,19,97.34,Sci&Tech,6,Yes,1,4,74.82,Yes,Mkt&Fin,Placed,266643
1510,M,59.58,Central,41.5,Others,Commerce,88,0,20,83.104,Comm&Mgmt,1,Yes,1,3,70.95,No,Mkt&HR,Not Placed,
1511,F,71.77,Central,89.94,Others,Science,80,0,19,43.1,Others,6,Yes,1,1,98.85,No,Mkt&HR,Placed,
1512,F,40.89,Central,69,Central,Science,98,1,22,43.1,Sci&Tech,1,Yes,1,5,49.55,No,Jnr.DevOps,Not Placed,
1513,F,51.7,Central,66.55,Central,Science,98,3,20,83.303,Sci&Tech,1,Yes,1,4,70.07,Yes,Mkt&HR,Not Placed,
1514,F,67.59,Central,47.44,Others,Commerce,89,0,22,55.527,Comm&Mgmt,2,Yes,1,1,52.54,No,Mkt&Fin,Placed,
1515,M,87.11,Central,54.77,Central,Science,83,0,21,80.194,Sci&Tech,1,Yes,1,3,67.97,No,Mkt&Fin,Not Placed,
1516,M,92,Others,71.54,Central,Science,91,0,20,78.441,Comm&Mgmt,5,Yes,2,4,46,Yes,Mkt&HR,Not Placed,
1517,M,40.89,Others,93.15,Central,Commerce,90,0,22,57.764,Comm&Mgmt,1,Yes,1,3,66.39,No,SDE,Not Placed,
1518,M,64,Others,92.77,Central,Science,89,0,21,85.183,Sci&Tech,1,Yes,1,3,77.53,Yes,Jnr.DevOps,Placed,205806
1519,M,70.32,Central,50.36,Others,Science,71,0,21,82.436,Comm&Mgmt,1,No,1,3,70.24,Yes,Jnr.DevOps,Not Placed,
1520,M,59.98,Others,82.54,Others,Commerce,98,1,21,76.659,Others,4,Yes,1,5,43.02,Yes,Mkt&Fin,Placed,269597
1521,M,40.89,Others,37,Central,Commerce,98,0,19,90.983,Sci&Tech,9,Yes,2,3,85.73,Yes,Analyst,Placed,314635
1522,M,92,Central,63.5,Others,Science,98,0,19,79.344,Comm&Mgmt,10,Yes,1,3,78.36,Yes,Mkt&Fin,Placed,200026
1523,F,92,Others,98,Central,Commerce,82,0,21,96.072,Sci&Tech,7,Yes,1,2,98.85,Yes,Mkt&Fin,Placed,332983
1524,M,92,Central,98,Others,Commerce,91,0,22,88.979,Sci&Tech,8,Yes,2,5,89.28,Yes,Mkt&Fin,Placed,
1525,M,92,Others,61.54,Others,Science,98,0,19,70.1,Comm&Mgmt,8,Yes,2,3,96.64,Yes,Analyst,Placed,296889
1526,M,40.89,Central,37,Others,Commerce,98,0,19,71.146,Comm&Mgmt,2,Yes,1,1,83.68,Yes,Mkt&HR,Not Placed,283613
1527,M,92,Central,83.77,Others,Science,78,0,19,78.523,Others,4,No,1,4,88.16,Yes,Mkt&Fin,Placed,294653
1528,M,54.69,Central,62.33,Others,Commerce,77,0,21,63.292,Sci&Tech,7,Yes,4,5,97.1,Yes,Mkt&HR,Placed,200000
1529,F,92,Central,98,Others,Science,64,0,20,95.537,Others,6,Yes,3,3,73.6,Yes,Analyst,Placed,200000
1530,M,40.89,Central,70.84,Central,Commerce,83,0,20,77.011,Sci&Tech,5,No,1,3,74.82,No,Mkt&HR,Not Placed,291214
1531,F,62.52,Others,70.11,Central,Science,98,0,22,87.564,Comm&Mgmt,6,Yes,2,3,50.75,No,Mkt&Fin,Not Placed,
1532,M,77.49,Central,98,Others,Commerce,98,0,22,77.597,Comm&Mgmt,3,Yes,1,3,76.9,No,Mkt&HR,Placed,525406
1533,M,90.45,Others,83.31,Others,Commerce,87,5,19,85.941,Comm&Mgmt,5,Yes,1,4,73.76,Yes,SDE,Placed,200000
1534,M,92,Others,98,Others,Science,65,0,21,97.34,Sci&Tech,8,Yes,2,3,75.56,Yes,Mkt&Fin,Placed,317961
1535,M,92,Central,73.03,Others,Science,91,0,20,66.925,Comm&Mgmt,6,Yes,1,4,94.55,Yes,Mkt&Fin,Placed,297006
1536,M,67.34,Central,49.57,Others,Commerce,71,0,20,67.91,Comm&Mgmt,4,Yes,1,3,68.24,Yes,Mkt&Fin,Not Placed,200000
1537,M,92,Central,39.8,Others,Science,81,0,19,90.836,Sci&Tech,8,Yes,1,4,84.75,Yes,Mkt&Fin,Placed,278842
1538,F,55.46,Others,37,Others,Science,88,0,19,60.65,Comm&Mgmt,1,No,1,4,96.22,Yes,Mkt&Fin,Not Placed,
1539,M,67.46,Others,52.13,Others,Commerce,83,0,21,43.1,Sci&Tech,10, No,2,3,65.39,No,Mkt&HR,Placed,326680
1540,M,44.23,Central,71.65,Others,Science,86,2,21,87.262,Sci&Tech,4,Yes,0,3,94.99,Yes,Mkt&HR,Not Placed,291211
1541,F,53.08,Central,79.8,Central,Science,91,1,21,67.257,Sci&Tech,4,Yes,0,1,93.4,No,Mkt&HR,Not Placed,
1542,M,57.95,Others,57.21,Others,Science,91,4,22,43.1,Comm&Mgmt,1,Yes,1,1,77.79,Yes,Mkt&HR,Not Placed,
1543,M,62.37,Others,45.06,Central,Science,95,1,19,52.526,Sci&Tech,1, No,1,1,89.06,Yes,Mkt&HR,Placed,
1544,M,92,Others,98,Others,Commerce,92,1,21,79.652,Sci&Tech,1,Yes,4,1,43.62,Yes,Mkt&Fin,Placed,
1545,F,79.22,Central,65.42,Others,Science,80,0,19,68.112,Comm&Mgmt,1,Yes,1,3,88.35,No,Mkt&Fin,Placed,301669
1546,M,78.69,Central,74.89,Central,Commerce,78,0,20,68.611,Others,1,Yes,1,3,54.17,No,Mkt&HR,Placed,246863
1547,M,84.89,Central,91.71,Others,Science,87,0,21,90.851,Sci&Tech,6,Yes,1,1,88.02,Yes,Mkt&Fin,Placed,235023
1548,M,56.22,Central,38.33,Others,Commerce,72,0,19,50.089,Sci&Tech,1,Yes,0,4,58.52,No,Mkt&HR,Not Placed,
1549,M,47.27,Others,39.05,Central,Commerce,83,0,22,69.524,Sci&Tech,3,Yes,1,2,43.02,No,Mkt&HR,Not Placed,
1550,M,92,Central,98,Others,Commerce,94,0,21,80.838,Others,6,Yes,2,5,75.03,Yes,Mkt&Fin,Placed,264064
1551,M,76.44,Central,62.32,Others,Science,64,0,20,86.798,Comm&Mgmt,1,Yes,2,1,77.77,Yes,Mkt&Fin,Placed,344148
1552,F,92,Central,96.3,Others,Commerce,77,0,21,93.082,Sci&Tech,10,Yes,2,4,79.78,Yes,Mkt&Fin,Placed,330608
1553,F,91.02,Central,98,Others,Science,87,0,20,86.072,Sci&Tech,8,Yes,2,3,79.34,Yes,Mkt&Fin,Placed,411721
1554,M,91.81,Others,72.54,Others,Science,98,0,22,97.34,Comm&Mgmt,2,Yes,1,4,78.74,Yes,Mkt&Fin,Placed,200000
1555,M,90.83,Central,40.55,Others,Science,98,0,20,97.34,Sci&Tech,6,No,2,4,72.22,Yes,Mkt&HR,Placed,520521
1556,F,69.33,Central,59.51,Others,Science,74,5,19,95.68,Sci&Tech,1,Yes,2,3,72.93,Yes,Mkt&HR,Placed,200000
1557,F,57.41,Central,61.36,Central,Science,87,0,19,94.224,Sci&Tech,5,Yes,2,4,97.92,Yes,Mkt&HR,Placed,
1558,M,92,Central,67.32,Central,Science,76,0,20,85.108,Comm&Mgmt,2,Yes,1,4,57.77,Yes,Mkt&HR,Placed,313165
1559,M,92,Central,75.64,Others,Science,98,0,22,83.313,Sci&Tech,5,Yes,1,3,83.4,Yes,Mkt&Fin,Placed,290799
1560,F,92,Central,96.51,Central,Commerce,64,0,21,96.195,Sci&Tech,7,Yes,2,5,91.04,Yes,Mkt&Fin,Placed,402667
1561,M,92,Others,76.59,Others,Commerce,80,0,20,73.688,Sci&Tech,7,Yes,4,3,90.99,Yes,Mkt&Fin,Placed,264626
1562,F,77.66,Central,87.48,Others,Commerce,68,0,21,89.103,Sci&Tech,6,Yes,1,4,66.97,Yes,Mkt&Fin,Placed,554975
1563,M,75.08,Central,98,Others,Science,93,0,20,74.538,Sci&Tech,1,Yes,2,3,85.33,Yes,Mkt&Fin,Placed,
1564,F,75.69,Central,60.52,Others,Commerce,92,0,22,74.816,Others,2,Yes,2,4,90.78,Yes,Mkt&HR,Placed,
1565,F,50.51,Central,37,Central,Science,72,0,19,80.068,Comm&Mgmt,3,Yes,1,2,84.56,No,SDE,Placed,273092
1566,F,69.14,Central,51.82,Others,Commerce,85,0,20,90.967,Comm&Mgmt,1,Yes,3,4,76.76,No,Mkt&HR,Not Placed,
1567,F,66.85,Central,37,Central,Commerce,64,0,21,81.149,Comm&Mgmt,4,No,1,4,98.85,No,Mkt&HR,Placed,
1568,M,40.89,Others,50.44,Others,Commerce,98,5,19,67.755,Sci&Tech,3,Yes,1,4,86.14,Yes,Mkt&HR,Not Placed,
1569,M,68.69,Central,62.15,Others,Commerce,98,1,21,43.1,Comm&Mgmt,1,Yes,1,5,80.05,Yes,Mkt&Fin,Placed,
1570,F,90.33,Central,54.57,Central,Science,98,1,21,69.699,Comm&Mgmt,1,Yes,3,2,80.42,No,Analyst,Placed,306640
1571,M,61.67,Others,53.88,Others,Science,91,0,22,77.345,Comm&Mgmt,6,Yes,2,3,77.59,No,Mkt&Fin,Not Placed,
1572,M,40.89,Central,46.93,Central,Science,98,0,19,55.274,Sci&Tech,1,Yes,1,4,85.19,Yes,Mkt&HR,Placed,314160
1573,M,92,Central,98,Others,Science,95,0,19,83.657,Comm&Mgmt,1,Yes,3,3,70.91,Yes,Mkt&Fin,Placed,290496
1574,M,92,Others,74.74,Others,Science,80,0,20,84.992,Sci&Tech,4,Yes,2,4,73.65,Yes,Mkt&Fin,Placed,304719
1575,M,53.63,Others,47.05,Others,Commerce,91,0,21,84.426,Comm&Mgmt,6,Yes,1,3,76.5,Yes,SDE,Placed,298549
1576,M,92,Central,40.48,Others,Science,90,0,21,72.837,Comm&Mgmt,1,Yes,1,4,98.85,Yes,Mkt&HR,Not Placed,269999
1577,M,73.38,Central,70.63,Others,Science,83,0,20,79.836,Sci&Tech,2,Yes,1,2,79.4,Yes,Mkt&Fin,Not Placed,259147
1578,M,70.63,Central,47.33,Others,Science,87,0,20,77.849,Sci&Tech,1,Yes,1,4,43.02,No,Mkt&HR,Placed,
1579,F,70.67,Central,40.31,Others,Science,70,0,22,43.1,Sci&Tech,1,Yes,0,3,92.29,Yes,Mkt&HR,Not Placed,
1580,M,40.89,Others,60.45,Central,Science,77,0,19,47.979,Comm&Mgmt,1,Yes,2,2,43.02,No,WebTech,Not Placed,
1581,F,92,Others,96.53,Others,Science,95,5,20,85.04,Comm&Mgmt,1,Yes,1,3,79.64,Yes,Mkt&HR,Placed,
1582,M,41.74,Central,37,Central,Commerce,81,0,19,90.779,Comm&Mgmt,7,Yes,1,3,83.08,Yes,Mkt&HR,Placed,
1583,M,81.18,Central,52.97,Others,Science,89,0,20,85.028,Sci&Tech,5,Yes,1,4,78.95,Yes,Analyst,Placed,247265
1584,M,57.4,Central,56.2,Central,Science,88,0,21,72.364,Sci&Tech,7,Yes,2,3,78.19,Yes,Mkt&HR,Placed,
1585,M,88.78,Central,98,Others,Commerce,98,0,22,82.644,Comm&Mgmt,4,Yes,2,3,83.68,Yes,Mkt&Fin,Placed,249321
1586,M,87.79,Others,82.78,Central,Science,98,0,20,79.689,Sci&Tech,9,Yes,2,3,94.29,Yes,Jnr.DevOps,Placed,
1587,F,50,Central,49.54,Others,Commerce,98,0,19,92.573,Sci&Tech,8,Yes,2,3,95.2,Yes,Mkt&HR,Placed,
1588,M,40.89,Central,37,Others,Commerce,92,0,19,60.641,Comm&Mgmt,2,Yes,1,5,76.12,Yes,Analyst,Not Placed,230679
1589,F,92,Central,69.97,Central,Science,89,1,19,71.214,Sci&Tech,1,Yes,2,3,86.32,Yes,Mkt&Fin,Not Placed,458563
1590,F,75.01,Central,81.8,Others,Commerce,86,0,21,77.359,Comm&Mgmt,1,Yes,1,5,43.74,Yes,Mkt&HR,Placed,258575
1591,F,50.08,Central,55.72,Others,Science,98,0,20,59.881,Sci&Tech,1,Yes,0,2,43.07,Yes,Mkt&Fin,Placed,309524
1592,M,92,Central,53.69,Others,Commerce,67,0,21,83.355,Comm&Mgmt,6,Yes,1,5,84.49,Yes,Jnr.DevOps,Placed,213702
1593,M,40.89,Central,79.27,Others,Science,89,1,22,67.497,Sci&Tech,1,No,4,1,87.25,Yes,SDE,Not Placed,
1594,M,76.91,Central,91.75,Central,Science,79,2,20,92.298,Comm&Mgmt,10,Yes,0,3,43.05,Yes,SDE,Placed,200000
1595,M,92,Central,78.89,Central,Science,75,0,19,97.196,Sci&Tech,4,Yes,1,4,85.78,Yes,Mkt&HR,Placed,415980
1596,M,85.45,Central,39.02,Others,Science,80,0,20,97.34,Comm&Mgmt,7,Yes,1,5,88.09,Yes,Mkt&HR,Not Placed,
1597,F,84.33,Central,63.7,Others,Science,98,0,19,83.412,Sci&Tech,4,Yes,1,4,51.75,No,Mkt&Fin,Not Placed,
1598,F,92,Central,61.61,Others,Science,87,0,20,92.208,Sci&Tech,10,Yes,2,4,88.11,Yes,Mkt&Fin,Placed,200000
1599,F,73.57,Central,98,Others,Commerce,85,0,21,75.551,Sci&Tech,9,Yes,1,4,93.84,Yes,Mkt&Fin,Placed,263258
1600,M,73.21,Others,84.41,Others,Commerce,85,0,22,80.915,Others,1,No,1,5,81.1,Yes,Mkt&Fin,Not Placed,280690
1601,F,40.89,Central,98,Others,Science,89,0,20,76.071,Comm&Mgmt,8,Yes,1,1,87.59,Yes,SDE,Not Placed,
1602,M,40.89,Others,37,Central,Commerce,82,2,19,51.781,Sci&Tech,1,Yes,1,3,74.1,No,Mkt&Fin,Not Placed,
1603,F,92,Central,76.65,Others,Commerce,81,0,20,83.508,Sci&Tech,4,Yes,1,3,93.4,Yes,Mkt&HR,Placed,
1604,M,91.48,Central,37,Central,Science,80,0,20,97.34,Sci&Tech,3,Yes,1,3,74.58,Yes,Mkt&HR,Placed,200000
1605,F,68.8,Central,37,Central,Science,87,0,20,87.755,Sci&Tech,1,Yes,1,5,43.02,No,Mkt&Fin,Placed,
1606,M,85.12,Others,87.99,Central,Commerce,87,0,19,83.822,Sci&Tech,10,No,1,5,75.73,Yes,Mkt&Fin,Placed,292958
1607,M,76.24,Others,98,Central,Science,73,0,20,79.684,Others,4,Yes,2,3,77.22,No,Mkt&HR,Placed,
1608,F,69.39,Others,42.75,Others,Science,71,0,19,51.666,Comm&Mgmt,4,Yes,1,2,84.02,Yes,Mkt&HR,Not Placed,313683
1609,M,68.08,Central,91.37,Central,Science,98,0,22,45.415,Sci&Tech,1, No,1,2,70.22,No,Mkt&Fin,Not Placed,
1610,M,81.87,Central,77.38,Others,Science,77,0,22,86.074,Others,1,No,4,4,90.08,Yes,Mkt&Fin,Not Placed,519448
1611,M,89.42,Central,62.81,Central,Arts,98,0,20,78.471,Sci&Tech,6,Yes,0,5,98.85,Yes,Mkt&Fin,Placed,
1612,M,66.97,Central,45.63,Central,Commerce,79,0,22,76.216,Comm&Mgmt,1,Yes,4,3,98.85,Yes,Mkt&Fin,Placed,285878
1613,F,92,Others,80.58,Central,Science,98,0,19,79.523,Comm&Mgmt,4,Yes,1,4,75.24,Yes,Mkt&Fin,Placed,297684
1614,M,60.3,Central,48.66,Central,Commerce,86,0,21,61.175,Comm&Mgmt,4,Yes,1,1,65.73,No,SDE,Not Placed,
1615,M,47.83,Central,37,Others,Commerce,82,0,21,51.82,Sci&Tech,4,Yes,1,2,60.09,No,Mkt&HR,Placed,
1616,M,40.89,Central,54.91,Others,Commerce,93,0,21,71.522,Sci&Tech,4,Yes,1,3,83.28,Yes,Mkt&Fin,Placed,249928
1617,F,91.25,Others,98,Central,Commerce,74,0,20,97.34,Sci&Tech,9,Yes,2,4,74.13,Yes,Mkt&Fin,Placed,236471
1618,F,47.2,Central,37,Central,Science,83,2,22,80.947,Sci&Tech,2,Yes,1,3,88.2,Yes,SDE,Not Placed,
1619,M,86.2,Central,40.29,Others,Commerce,85,0,21,92.875,Comm&Mgmt,1,Yes,2,3,78.24,Yes,Mkt&HR,Not Placed,
1620,M,40.89,Others,40.57,Others,Commerce,74,0,21,45.319,Comm&Mgmt,2,Yes,2,3,85.12,No,Mkt&Fin,Not Placed,
1621,F,87.68,Others,41.55,Others,Commerce,90,0,20,94.737,Comm&Mgmt,9,Yes,2,4,84.8,Yes,Mkt&Fin,Placed,
1622,F,48.71,Others,69.48,Central,Commerce,80,0,22,51.886,Comm&Mgmt,4,Yes,1,5,81.96,No,SDE,Not Placed,
1623,M,58.62,Central,37,Central,Commerce,83,0,19,92.876,Others,2,Yes,1,4,54.49,No,Mkt&Fin,Not Placed,302700
1624,F,92,Central,73.34,Central,Commerce,81,0,20,97.34,Sci&Tech,9,Yes,1,3,93.53,Yes,Mkt&Fin,Placed,200000
1625,M,80.53,Central,62.98,Others,Science,84,0,21,82.7,Sci&Tech,5,No,4,1,72.41,Yes,Mkt&Fin,Not Placed,222554
1626,F,82.67,Central,37,Central,Commerce,76,0,20,85.441,Sci&Tech,1,Yes,1,4,58.13,No,Mkt&HR,Not Placed,200000
1627,F,84.94,Others,39.52,Central,Science,92,0,21,59.789,Comm&Mgmt,1,Yes,1,4,87.54,No,Mkt&Fin,Placed,
1628,M,88.1,Central,54.96,Others,Science,71,5,19,70.698,Sci&Tech,1,Yes,4,2,95.96,Yes,Analyst,Not Placed,
1629,F,92,Central,43.74,Central,Commerce,77,0,19,91.699,Comm&Mgmt,2,Yes,2,4,43.02,No,Mkt&Fin,Not Placed,
1630,M,89.49,Others,98,Others,Science,91,0,19,86.665,Sci&Tech,6,Yes,1,4,75.93,Yes,Mkt&HR,Placed,338389
1631,M,81.59,Central,90.94,Others,Science,86,0,22,90.778,Sci&Tech,9,Yes,0,1,82.62,Yes,SDE,Placed,
1632,F,49.54,Central,48.62,Others,Commerce,76,1,20,73.456,Comm&Mgmt,1,Yes,1,3,58.02,No,Analyst,Not Placed,
1633,M,69.75,Central,69.93,Central,Commerce,95,0,19,89.598,Sci&Tech,4,Yes,2,2,75.25,Yes,Mkt&Fin,Placed,303517
1634,F,67.58,Central,37,Others,Commerce,64,1,22,88.557,Comm&Mgmt,4,Yes,4,3,43.02,Yes,Mkt&HR,Placed,
1635,M,84.22,Central,66.76,Others,Arts,91,0,21,79.324,Comm&Mgmt,4,Yes,0,3,77.67,Yes,Mkt&Fin,Placed,290026
1636,F,92,Central,89.02,Central,Science,72,0,19,76.342,Sci&Tech,4,Yes,2,4,71.44,Yes,Mkt&Fin,Placed,305175
1637,F,57.25,Central,47.61,Central,Science,78,0,21,63.581,Sci&Tech,1,Yes,1,3,87.81,No,Mkt&Fin,Not Placed,
1638,M,40.89,Others,53.65,Central,Commerce,92,1,20,64.782,Comm&Mgmt,2,Yes,1,3,77.65,No,Mkt&HR,Not Placed,
1639,M,50.31,Others,37,Others,Science,64,2,19,87.331,Comm&Mgmt,5, No,1,3,51.59,Yes,Mkt&HR,Not Placed,
1640,M,85.89,Central,98,Others,Commerce,73,0,21,52.75,Comm&Mgmt,4,Yes,1,3,76.01,Yes,Mkt&Fin,Placed,
1641,F,40.89,Central,49.2,Central,Science,91,1,22,53.931,Sci&Tech,1,Yes,3,5,64.88,No,Mkt&HR,Not Placed,
1642,M,59.56,Others,55.38,Central,Science,98,1,20,46.038,Comm&Mgmt,1,Yes,1,3,93.54,Yes,Mkt&HR,Not Placed,292912
1643,M,65.56,Others,87.21,Others,Science,81,0,21,89.894,Sci&Tech,4,Yes,1,2,57,No,Mkt&HR,Placed,251098
1644,M,88.3,Central,77.6,Central,Science,70,0,20,88.307,Sci&Tech,5,Yes,1,4,43.02,Yes,Mkt&HR,Placed,254392
1645,M,62.55,Others,71.56,Others,Commerce,98,2,19,80.048,Comm&Mgmt,3,Yes,1,4,75.61,Yes,Analyst,Placed,
1646,M,78.33,Central,95.52,Others,Commerce,98,0,19,88.777,Comm&Mgmt,7,Yes,1,1,43.02,Yes,SDE,Placed,323840
1647,M,81.99,Others,88.42,Central,Science,96,0,21,97.34,Sci&Tech,8,Yes,1,4,86.99,Yes,Mkt&Fin,Placed,316595
1648,F,78.14,Central,98,Central,Science,84,0,19,71.896,Sci&Tech,7,Yes,1,2,96.13,Yes,Mkt&Fin,Placed,231290
1649,M,87.74,Central,70.42,Central,Science,79,0,22,55.831,Comm&Mgmt,5,Yes,1,3,98.85,Yes,Jnr.DevOps,Not Placed,
1650,M,92,Others,98,Others,Science,90,1,19,97.34,Comm&Mgmt,10,Yes,4,1,77.82,Yes,Mkt&HR,Placed,
1651,M,55.45,Central,66.24,Others,Science,96,4,19,74.431,Others,9,Yes,2,4,82.53,No,WebTech,Placed,
1652,M,75.33,Central,60.55,Central,Science,88,0,20,43.571,Sci&Tech,6,Yes,1,4,62.01,Yes,Mkt&Fin,Not Placed,265499
1653,M,92,Central,60.93,Others,Commerce,96,0,19,75.308,Sci&Tech,9,Yes,2,3,82.22,Yes,Mkt&Fin,Placed,200000
1654,M,73.16,Central,59.63,Others,Commerce,67,0,20,94.661,Sci&Tech,7,Yes,2,4,72.38,Yes,Mkt&Fin,Placed,
1655,M,47.06,Central,41.76,Others,Science,88,0,22,78.953,Others,1,Yes,1,1,68.96,Yes,SDE,Not Placed,
1656,M,75.2,Central,69.73,Central,Commerce,97,0,21,75.918,Sci&Tech,1,Yes,2,3,43.02,Yes,SDE,Not Placed,572654
1657,M,77.84,Central,59.54,Central,Science,98,0,20,43.1,Comm&Mgmt,1,Yes,1,1,86.89,Yes,SDE,Not Placed,
1658,M,76.17,Central,49.72,Others,Commerce,92,0,19,93.4,Sci&Tech,1,Yes,2,3,87.15,Yes,Mkt&Fin,Not Placed,526550
1659,M,40.89,Central,94.07,Others,Commerce,95,1,21,43.1,Sci&Tech,1,Yes,0,3,81.3,Yes,Mkt&Fin,Not Placed,
1660,M,70.51,Central,83.97,Central,Science,75,0,21,78.457,Sci&Tech,8,Yes,1,4,75.99,Yes,Mkt&Fin,Placed,326797
1661,M,92,Central,98,Others,Science,98,0,21,87.685,Sci&Tech,5,No,4,4,69.29,Yes,Mkt&Fin,Not Placed,498246
1662,M,64.71,Central,44.25,Central,Science,69,0,20,72.462,Comm&Mgmt,1,Yes,1,3,60.2,Yes,Mkt&Fin,Not Placed,
1663,M,92,Others,41.14,Central,Commerce,81,0,20,97.34,Comm&Mgmt,5,Yes,1,4,77.22,Yes,SDE,Placed,232946
1664,F,92,Central,69.93,Others,Commerce,91,0,20,93.977,Comm&Mgmt,3,Yes,0,4,81.16,Yes,Mkt&Fin,Placed,
1665,F,40.89,Central,42.97,Others,Commerce,90,0,19,61.935,Comm&Mgmt,7,Yes,1,5,56.81,Yes,Mkt&HR,Not Placed,
1666,M,82.79,Central,64.65,Others,Science,98,0,19,43.1,Sci&Tech,1,Yes,1,3,67.26,Yes,Mkt&Fin,Not Placed,300064
1667,M,92,Others,74.88,Others,Science,98,1,19,88.089,Sci&Tech,7,Yes,1,4,81.14,Yes,Mkt&Fin,Placed,344060
1668,M,92,Others,64.8,Others,Commerce,75,0,19,97.34,Others,10,Yes,2,2,91.82,No,WebTech,Placed,
1669,F,51.04,Central,52.75,Central,Science,98,1,21,72.584,Sci&Tech,1,Yes,1,3,76.58,Yes,Mkt&HR,Not Placed,
1670,F,48.83,Central,53.68,Central,Science,87,1,22,66.452,Sci&Tech,1,Yes,2,3,89.89,Yes,Mkt&HR,Not Placed,
1671,M,64.7,Central,74.52,Others,Commerce,84,0,21,90.189,Sci&Tech,9,Yes,1,4,98.85,Yes,WebTech,Placed,200000
1672,M,66.53,Central,60.77,Others,Science,90,2,20,86.06,Comm&Mgmt,5,Yes,2,4,74.35,Yes,Mkt&Fin,Not Placed,
1673,F,42.03,Others,37.88,Central,Commerce,83,5,20,67.05,Comm&Mgmt,8,Yes,1,3,79.11,Yes,Mkt&HR,Not Placed,
1674,F,92,Others,98,Others,Commerce,77,0,21,82.795,Sci&Tech,1,Yes,4,4,79.38,Yes,Mkt&Fin,Placed,361945
1675,M,92,Others,98,Central,Science,87,0,19,72.192,Sci&Tech,1,Yes,1,4,89.14,No,Mkt&Fin,Placed,298018
1676,M,79.17,Central,75.2,Central,Commerce,71,0,19,72.473,Sci&Tech,3,Yes,1,1,96.3,No,Mkt&Fin,Not Placed,327308
1677,M,48.4,Central,59.3,Others,Science,98,0,20,43.1,Comm&Mgmt,1,Yes,1,4,76.7,No,Mkt&Fin,Not Placed,233938
1678,M,40.91,Central,56.38,Central,Commerce,98,2,22,84.949,Sci&Tech,5,No,0,3,65.99,No,Mkt&HR,Placed,
1679,F,90.06,Others,98,Others,Science,92,0,19,70.942,Sci&Tech,6,Yes,2,3,83.26,Yes,Mkt&HR,Placed,250214
1680,M,74.1,Others,40.61,Central,Commerce,85,0,20,97.34,Comm&Mgmt,1,Yes,2,3,89.3,No,Mkt&Fin,Placed,298925
1681,M,77.59,Central,56.32,Others,Commerce,93,0,21,97.34,Comm&Mgmt,6,Yes,3,3,83.54,Yes,Mkt&HR,Placed,282037
1682,M,73.85,Others,83.01,Others,Science,98,0,22,66.756,Others,3,Yes,1,2,76.26,Yes,SDE,Not Placed,287027
1683,F,62.43,Central,48.96,Central,Science,80,0,21,89.938,Others,1,Yes,1,5,43.02,No,Mkt&Fin,Not Placed,
1684,M,58.86,Central,66.03,Others,Commerce,97,1,21,43.1,Comm&Mgmt,3,Yes,1,4,44.98,No,Jnr.DevOps,Not Placed,
1685,F,65.22,Central,74.6,Others,Science,96,0,21,69.661,Comm&Mgmt,1,Yes,1,3,43.48,No,Mkt&HR,Placed,257757
1686,M,90.21,Others,82.11,Central,Commerce,97,0,20,90.705,Sci&Tech,7,No,2,3,96.31,Yes,Mkt&Fin,Placed,260725
1687,M,47.69,Central,37,Central,Commerce,80,0,21,70.33,Comm&Mgmt,7,Yes,1,4,49.62,Yes,Mkt&HR,Not Placed,341682
1688,F,81.16,Central,82.75,Central,Science,64,0,19,96.055,Comm&Mgmt,7,Yes,0,2,76.47,Yes,Mkt&HR,Placed,245681
1689,M,57.12,Others,37,Others,Commerce,98,1,22,64.089,Others,1,Yes,1,1,48.23,No,Mkt&HR,Not Placed,
1690,M,40.89,Others,50.1,Central,Commerce,92,0,22,78.685,Comm&Mgmt,3,Yes,1,2,61.86,No,Mkt&HR,Not Placed,
1691,M,88.33,Central,98,Others,Commerce,98,0,21,53.899,Comm&Mgmt,4,No,2,3,94.01,No,SDE,Placed,259280
1692,M,87.61,Others,75.93,Central,Science,88,0,22,82.622,Comm&Mgmt,3,Yes,1,4,98.85,Yes,Mkt&HR,Placed,253417
1693,F,57.93,Central,72.67,Central,Commerce,98,0,21,70.515,Comm&Mgmt,1,Yes,3,1,72.84,Yes,Mkt&Fin,Not Placed,272750
1694,M,80.82,Central,46.18,Others,Commerce,91,0,21,80.59,Comm&Mgmt,6,Yes,2,5,95.22,Yes,Analyst,Placed,224087
1695,M,84.52,Central,97.96,Others,Commerce,71,0,19,97.34,Sci&Tech,5,Yes,1,4,81.51,No,Mkt&Fin,Placed,250306
1696,M,72.76,Others,68.68,Others,Science,68,1,20,75.07,Comm&Mgmt,6,Yes,2,4,68.95,No,Mkt&Fin,Not Placed,
1697,M,85.28,Central,98,Central,Commerce,94,0,19,61.669,Comm&Mgmt,10,Yes,1,4,70.26,Yes,Mkt&HR,Placed,301468
1698,M,92,Central,86.71,Others,Science,98,0,22,80.253,Sci&Tech,10,Yes,1,4,85.84,Yes,Mkt&Fin,Placed,261135
1699,M,88.85,Others,98,Others,Science,80,0,21,71.995,Others,5,Yes,2,1,88.38,Yes,Mkt&Fin,Not Placed,320281
1700,M,92,Central,58.47,Others,Science,84,0,19,97.34,Sci&Tech,3,Yes,2,3,83.13,Yes,Mkt&HR,Placed,
1701,M,70.49,Central,61.36,Others,Arts,81,0,21,97.34,Comm&Mgmt,6,Yes,2,4,58.91,Yes,Mkt&Fin,Placed,202527
1702,M,92,Central,98,Others,Science,96,0,21,81.165,Comm&Mgmt,8,Yes,1,1,82.89,Yes,Mkt&HR,Placed,248168
1703,M,92,Central,79.51,Others,Commerce,89,0,21,87.062,Comm&Mgmt,7,Yes,1,4,88.26,Yes,Mkt&Fin,Placed,
1704,F,62.76,Central,70.35,Central,Commerce,86,0,19,61.02,Sci&Tech,5,Yes,1,3,98.7,Yes,Mkt&HR,Placed,331584
1705,F,70.14,Central,37.99,Others,Science,98,1,22,92.376,Comm&Mgmt,1,Yes,1,1,64.82,Yes,Mkt&HR,Placed,
1706,F,40.89,Central,44.1,Others,Commerce,86,5,21,43.1,Others,1,Yes,2,1,62.06,No,Mkt&HR,Not Placed,
1707,F,40.89,Central,37,Central,Commerce,98,0,21,43.1,Comm&Mgmt,1,Yes,1,3,77.24,No,Mkt&HR,Not Placed,
1708,M,76.02,Others,97.63,Central,Commerce,98,1,22,92.566,Sci&Tech,8,Yes,1,4,91.29,Yes,WebTech,Placed,
1709,M,57.22,Central,37.12,Central,Science,77,0,20,65.984,Sci&Tech,1,Yes,1,4,79.38,Yes,Mkt&HR,Placed,
1710,F,92,Central,60.14,Others,Commerce,82,0,20,97.34,Sci&Tech,8,Yes,1,4,82.09,Yes,SDE,Placed,300128
1711,M,71.94,Central,70.57,Central,Science,64,1,21,51.378,Sci&Tech,3,Yes,1,3,83.03,Yes,Mkt&Fin,Not Placed,
1712,M,40.89,Central,38.98,Others,Commerce,90,0,19,90.636,Comm&Mgmt,3,Yes,1,3,43.02,Yes,Mkt&HR,Not Placed,
1713,F,61.4,Others,54.8,Others,Commerce,98,0,20,80.608,Sci&Tech,1,Yes,2,5,78.37,No,Analyst,Not Placed,283147
1714,M,89.78,Central,47.76,Others,Science,84,0,19,43.1,Comm&Mgmt,1,Yes,1,1,81.35,No,SDE,Not Placed,
1715,M,73.29,Central,53.88,Others,Science,98,1,19,85.787,Sci&Tech,1,Yes,2,4,79.75,Yes,Mkt&Fin,Placed,225713
1716,M,92,Others,51.96,Central,Commerce,80,0,19,97.34,Sci&Tech,5,Yes,3,4,69.2,Yes,Mkt&Fin,Placed,200000
1717,F,61.89,Central,37,Central,Science,74,1,20,55.475,Comm&Mgmt,1,Yes,2,3,70.86,No,Mkt&HR,Not Placed,
1718,M,59.43,Central,98,Others,Science,77,0,19,67.705,Sci&Tech,1,Yes,2,3,98.85,No,Mkt&HR,Placed,319839
1719,M,40.89,Others,98,Central,Arts,96,0,19,75.846,Sci&Tech,4,Yes,4,3,73.99,Yes,Mkt&HR,Placed,
1720,M,66.25,Central,73.87,Central,Commerce,71,0,20,59.689,Others,1,Yes,1,1,63.03,Yes,Mkt&HR,Not Placed,
1721,F,54.28,Others,66.57,Central,Science,98,0,21,43.1,Comm&Mgmt,2,Yes,1,5,91.17,Yes,Mkt&Fin,Placed,
1722,M,92,Central,44.61,Central,Science,64,1,19,97.34,Comm&Mgmt,1,Yes,3,3,79.01,Yes,Mkt&Fin,Placed,269819
1723,M,82.42,Central,76.34,Central,Science,70,0,21,86.473,Comm&Mgmt,6,Yes,1,4,81.29,No,Mkt&Fin,Placed,257461
1724,M,64.65,Central,61.37,Others,Science,78,1,19,61.248,Comm&Mgmt,1,Yes,0,1,56.57,No,Mkt&HR,Placed,
1725,F,87.55,Central,75.64,Others,Commerce,98,0,20,84.329,Sci&Tech,5,Yes,2,4,77.06,Yes,Mkt&HR,Placed,234056
1726,F,92,Central,72.22,Central,Science,89,1,22,43.419,Others,1,Yes,2,4,83.79,No,Mkt&Fin,Not Placed,271207
1727,F,40.94,Central,57.33,Central,Science,98,3,21,46.596,Comm&Mgmt,1,Yes,1,1,43.02,Yes,Mkt&HR,Not Placed,
1728,M,51.95,Central,61.88,Others,Commerce,97,1,19,70.796,Comm&Mgmt,1,Yes,0,4,79.67,Yes,Mkt&HR,Not Placed,
1729,F,85.22,Central,87.04,Others,Science,98,1,21,87.728,Others,1,Yes,2,3,84.09,Yes,Mkt&Fin,Placed,
1730,M,92,Central,43.79,Central,Science,91,0,21,97.34,Comm&Mgmt,4,Yes,4,3,95.17,Yes,Mkt&HR,Placed,468547
1731,F,92,Central,98,Others,Science,98,0,19,80.055,Sci&Tech,5,No,4,5,78.61,Yes,WebTech,Placed,297651
1732,M,41.83,Others,56.09,Central,Science,98,2,20,53.817,Comm&Mgmt,2,Yes,2,4,89.86,Yes,Mkt&Fin,Not Placed,298007
1733,M,92,Central,98,Central,Commerce,71,3,20,97.34,Sci&Tech,5,Yes,2,3,88.52,Yes,Mkt&Fin,Placed,454345
1734,F,63.35,Others,60.02,Central,Science,84,0,19,43.173,Comm&Mgmt,6,Yes,3,5,78.18,No,Mkt&HR,Not Placed,
1735,M,92,Central,70.5,Others,Commerce,88,3,21,97.34,Comm&Mgmt,5,Yes,2,3,72.73,Yes,Mkt&Fin,Placed,323610
1736,M,51.03,Others,90.37,Central,Science,80,0,19,77.361,Sci&Tech,1,Yes,1,3,73.82,No,Mkt&Fin,Not Placed,285893
1737,M,40.89,Central,38.87,Central,Science,98,0,20,65.733,Comm&Mgmt,2,Yes,1,1,45.53,No,Mkt&HR,Not Placed,
1738,M,72.64,Others,98,Others,Science,76,0,20,79.562,Sci&Tech,3,Yes,2,3,87.29,Yes,Mkt&HR,Not Placed,
1739,M,92,Others,98,Others,Science,91,0,19,92.498,Others,10,Yes,2,4,73.46,Yes,SDE,Placed,261223
1740,M,77.56,Central,63.24,Others,Science,98,0,19,59.972,Sci&Tech,1,Yes,0,4,81.73,Yes,Jnr.DevOps,Placed,478040
1741,M,83.84,Central,78.36,Central,Commerce,69,0,21,80.639,Sci&Tech,1, No,1,2,90.94,Yes,Mkt&Fin,Not Placed,
1742,M,58.79,Central,54.15,Others,Commerce,98,0,21,73.732,Comm&Mgmt,8,Yes,1,3,78.3,Yes,Mkt&HR,Not Placed,356932
1743,M,48.07,Central,47.29,Central,Science,98,2,21,75.607,Others,1,Yes,1,3,85.76,No,Mkt&HR,Not Placed,
1744,M,50.32,Central,94.87,Central,Commerce,87,1,19,46.034,Comm&Mgmt,3,Yes,2,3,91.37,No,SDE,Placed,
1745,M,57.52,Central,68.38,Central,Commerce,98,0,20,73.491,Sci&Tech,5,Yes,1,3,95.42,Yes,Jnr.DevOps,Placed,
1746,F,90,Central,98,Others,Commerce,98,0,19,73.655,Comm&Mgmt,2,Yes,1,3,79.76,Yes,Mkt&Fin,Placed,315466
1747,M,63.17,Central,92.15,Others,Science,98,0,22,54.843,Sci&Tech,2,Yes,4,1,57.63,No,Mkt&HR,Not Placed,
1748,M,92,Central,37.36,Others,Science,78,0,22,89.579,Sci&Tech,1,Yes,4,3,54.6,Yes,Mkt&HR,Not Placed,321068
1749,M,40.89,Others,57.45,Central,Science,98,0,21,48.198,Comm&Mgmt,5,Yes,1,3,81.99,Yes,Mkt&Fin,Not Placed,228807
1750,M,74.57,Central,44.76,Central,Commerce,85,0,20,82.754,Comm&Mgmt,6,Yes,0,3,89.58,No,WebTech,Placed,
1751,M,40.89,Others,73.28,Central,Science,84,0,21,75.31,Others,10,Yes,1,4,98.85,Yes,Mkt&HR,Placed,328930
1752,M,92,Others,98,Others,Commerce,67,0,19,89.114,Sci&Tech,1,Yes,2,3,97.61,Yes,Mkt&Fin,Placed,295024
1753,M,92,Others,98,Others,Commerce,98,0,19,78.734,Sci&Tech,1,Yes,2,4,67.68,Yes,Mkt&Fin,Placed,200000
1754,M,89.55,Others,98,Others,Science,80,0,22,97.34,Sci&Tech,4,Yes,2,4,78.17,Yes,Mkt&HR,Placed,586858
1755,M,92,Central,60.6,Central,Commerce,65,0,19,87.136,Sci&Tech,4,Yes,2,1,98.85,Yes,Mkt&Fin,Placed,
1756,M,40.89,Central,40.1,Central,Commerce,94,5,19,47.877,Sci&Tech,1,Yes,1,1,87.44,No,Mkt&HR,Not Placed,
1757,M,40.89,Central,55.43,Central,Commerce,93,0,19,80.485,Others,7,Yes,2,3,75.54,Yes,SDE,Not Placed,200000
1758,F,92,Central,45.66,Others,Science,72,4,22,87.655,Sci&Tech,3,Yes,1,3,91.73,Yes,Mkt&Fin,Placed,256568
1759,F,48.9,Central,39.55,Others,Commerce,69,0,20,90.686,Comm&Mgmt,8,Yes,4,5,90.52,Yes,Mkt&HR,Placed,
1760,M,81.58,Others,98,Central,Science,95,0,20,57.057,Sci&Tech,3,Yes,3,5,48.2,Yes,SDE,Placed,317099
1761,M,87.97,Others,90.22,Others,Science,69,0,19,97.34,Others,10,Yes,1,1,83.09,Yes,Mkt&Fin,Placed,541515
1762,F,40.89,Others,37,Others,Science,86,1,22,53.808,Others,1,Yes,1,2,62.11,No,Mkt&HR,Not Placed,
1763,M,92,Central,83.85,Others,Science,94,1,20,91.087,Others,3,Yes,2,5,71.62,Yes,Mkt&Fin,Placed,200000
1764,M,82,Central,37,Central,Science,84,0,19,81.971,Sci&Tech,7,Yes,4,4,86.46,Yes,WebTech,Placed,
1765,M,92,Central,82.57,Others,Commerce,98,0,19,97.34,Others,8,Yes,1,4,89.64,Yes,Mkt&Fin,Placed,330176
1766,F,65.39,Central,64.37,Central,Science,98,1,22,75.305,Comm&Mgmt,8,Yes,1,4,82.27,No,Mkt&HR,Not Placed,
1767,F,52.88,Central,95.55,Others,Science,86,0,21,72.666,Sci&Tech,1,Yes,1,4,73.72,Yes,Mkt&Fin,Placed,200000
1768,F,92,Others,98,Others,Commerce,98,0,20,78.678,Comm&Mgmt,1,Yes,2,4,74.04,Yes,Mkt&Fin,Placed,296321
1769,M,61.71,Central,64.01,Others,Science,86,0,19,86.059,Sci&Tech,2,Yes,2,3,85.96,No,Mkt&Fin,Not Placed,318993
1770,M,51.91,Central,50.48,Others,Science,85,0,21,43.1,Sci&Tech,1,Yes,0,1,47.02,No,Mkt&HR,Not Placed,
1771,M,59.58,Central,37,Central,Commerce,94,0,20,89.31,Sci&Tech,1,Yes,1,1,94.3,Yes,Mkt&Fin,Not Placed,
1772,M,92,Central,89.95,Central,Commerce,98,0,19,90.78,Sci&Tech,1,Yes,2,3,80.66,Yes,Mkt&Fin,Placed,220356
1773,M,91.84,Central,54.86,Central,Commerce,79,0,20,97.34,Sci&Tech,4,Yes,2,3,98.85,No,Mkt&HR,Placed,285593
1774,M,40.89,Central,52.85,Others,Commerce,93,0,20,80.232,Others,2,Yes,4,1,59.31,Yes,Mkt&HR,Not Placed,258244
1775,M,41.4,Central,37,Central,Commerce,77,0,22,92.27,Comm&Mgmt,1,Yes,1,3,65.41,Yes,Mkt&HR,Not Placed,
1776,F,92,Others,52.94,Central,Science,89,0,20,95.424,Sci&Tech,7,Yes,1,3,88.52,Yes,SDE,Placed,
1777,M,92,Central,47.83,Central,Science,98,0,20,97.34,Others,4,Yes,0,3,75.58,Yes,Mkt&HR,Placed,217735
1778,M,83.22,Central,60.17,Others,Science,98,0,21,89.595,Sci&Tech,8,Yes,1,3,43.02,Yes,SDE,Placed,265462
1779,M,83.08,Central,75.83,Central,Commerce,97,0,19,80.683,Others,5,Yes,1,3,98.85,Yes,SDE,Placed,277378
1780,F,60.03,Central,57.15,Central,Commerce,98,0,21,74.487,Comm&Mgmt,5,Yes,1,3,78.9,Yes,Mkt&Fin,Not Placed,
1781,M,92,Central,39.76,Others,Commerce,98,0,20,86.677,Sci&Tech,10,Yes,1,3,69.05,Yes,Mkt&Fin,Placed,
1782,M,73.28,Central,81.41,Others,Science,76,1,21,55.17,Comm&Mgmt,4,Yes,1,1,96.76,Yes,Mkt&HR,Placed,266938
1783,M,57.08,Central,57.05,Central,Commerce,74,0,22,94.333,Comm&Mgmt,2,Yes,1,1,98.85,Yes,WebTech,Placed,279034
1784,F,69.72,Central,74.34,Central,Science,75,0,19,92.491,Sci&Tech,4,No,1,3,45.89,No,Analyst,Not Placed,206196
1785,M,67.66,Central,57.48,Central,Commerce,98,0,20,61.235,Sci&Tech,1,Yes,1,2,79.2,No,Mkt&HR,Not Placed,
1786,F,40.89,Central,50.71,Central,Arts,76,1,19,67.489,Comm&Mgmt,1,Yes,0,2,64.63,No,Mkt&HR,Not Placed,
1787,F,87.78,Central,43.26,Central,Commerce,79,1,21,89.423,Comm&Mgmt,4,Yes,1,4,84.74,No,Analyst,Not Placed,
1788,F,92,Others,50.32,Central,Commerce,98,1,20,81.523,Others,1,Yes,2,4,79.24,No,Mkt&HR,Not Placed,303292
1789,M,92,Central,92.98,Others,Commerce,70,0,19,97.34,Comm&Mgmt,7,Yes,1,4,82.86,Yes,Mkt&Fin,Placed,
1790,M,92,Central,55.47,Others,Science,65,0,19,61.725,Sci&Tech,4,Yes,2,4,45.21,Yes,WebTech,Not Placed,
1791,F,92,Central,98,Others,Science,79,1,21,86.119,Sci&Tech,1,Yes,1,4,91.11,Yes,Mkt&Fin,Placed,549360
1792,M,92,Others,66.5,Central,Commerce,86,1,21,78.488,Others,5,Yes,1,3,84.44,Yes,Mkt&Fin,Placed,
1793,F,74.65,Central,91.26,Others,Science,98,0,22,61.838,Comm&Mgmt,6,Yes,1,3,44.29,No,Mkt&HR,Not Placed,
1794,M,92,Central,98,Others,Science,71,0,21,97.34,Sci&Tech,3,No,1,3,69.26,Yes,Mkt&HR,Placed,337846
1795,M,83.17,Central,38.14,Central,Commerce,80,0,21,90.228,Comm&Mgmt,1,No,4,3,79.38,Yes,SDE,Placed,250105
1796,M,92,Others,82.14,Others,Commerce,78,0,19,93.812,Sci&Tech,1,No,1,5,59.02,Yes,Mkt&HR,Placed,200000
1797,M,40.89,Central,37,Central,Science,89,1,20,59.121,Others,4,Yes,1,3,70.24,Yes,Mkt&HR,Not Placed,
1798,M,86.43,Central,86.5,Central,Science,78,0,19,97.34,Sci&Tech,9,Yes,1,3,73.38,Yes,Mkt&HR,Placed,200000
1799,F,81.08,Central,51.41,Others,Science,95,0,22,43.1,Comm&Mgmt,4,Yes,2,3,92.89,No,Mkt&HR,Not Placed,292159
1800,F,42.35,Central,39.82,Others,Commerce,88,1,19,82.06,Sci&Tech,1,Yes,4,5,77.92,Yes,Mkt&Fin,Not Placed,221388
1801,M,83.49,Others,84.17,Others,Science,98,1,19,81.909,Sci&Tech,6,Yes,2,4,80.55,Yes,Mkt&Fin,Placed,270462
1802,M,92,Others,92.91,Others,Commerce,98,0,19,97.34,Others,5,Yes,0,3,43.02,Yes,Mkt&Fin,Placed,255565
1803,F,81.71,Central,84.88,Others,Commerce,85,0,20,87.895,Comm&Mgmt,4,Yes,1,4,75.18,No,Mkt&Fin,Not Placed,312840
1804,M,92,Others,50.29,Others,Science,79,1,19,94.699,Comm&Mgmt,2,No,4,3,80.74,Yes,Mkt&Fin,Placed,465622
1805,M,42.91,Central,41.48,Others,Commerce,92,0,21,48.528,Comm&Mgmt,1,Yes,1,3,72.03,No,SDE,Placed,
1806,M,40.89,Central,50.57,Central,Science,83,0,20,58.573,Comm&Mgmt,3,Yes,0,1,57.93,No,Mkt&HR,Not Placed,
1807,F,86.62,Central,91.72,Others,Arts,83,0,19,78.967,Others,1,Yes,1,3,77.87,No,Mkt&HR,Placed,292125
1808,F,67.47,Others,37,Others,Science,80,0,21,79.531,Sci&Tech,3,Yes,1,3,58.58,No,Analyst,Not Placed,
1809,M,82.53,Central,67.21,Others,Science,79,0,19,78.066,Comm&Mgmt,3,Yes,1,3,70.04,No,SDE,Not Placed,
1810,F,80.06,Central,66.89,Others,Science,64,5,19,96.082,Sci&Tech,6,Yes,0,1,54.38,Yes,Mkt&Fin,Not Placed,268022
1811,M,43.67,Others,98,Central,Science,98,0,21,86.365,Sci&Tech,7,Yes,1,2,80.11,Yes,Mkt&HR,Not Placed,455249
1812,M,92,Central,98,Others,Commerce,98,0,19,56.726,Comm&Mgmt,4,Yes,1,3,91.43,Yes,Mkt&HR,Placed,270262
1813,F,92,Central,48.66,Central,Commerce,88,5,22,64.703,Comm&Mgmt,4,Yes,1,1,77.45,No,Mkt&HR,Not Placed,269937
1814,M,71.4,Central,67.92,Central,Commerce,92,1,20,97.34,Sci&Tech,4, No,1,5,76.82,No,Mkt&Fin,Placed,
1815,F,44.88,Central,57.52,Central,Science,69,0,20,49.815,Comm&Mgmt,5,No,1,3,98.09,No,Mkt&HR,Not Placed,
1816,F,71.84,Central,45.14,Central,Science,85,0,20,80.65,Comm&Mgmt,4,Yes,1,4,43.02,No,Mkt&Fin,Not Placed,289198
1817,F,60.82,Central,68.2,Others,Commerce,86,0,21,78.658,Sci&Tech,4,Yes,4,3,56.9,No,Mkt&Fin,Placed,
1818,F,83.74,Central,76.16,Central,Science,98,0,20,74.428,Others,7,Yes,1,5,94.89,Yes,Jnr.DevOps,Placed,295738
1819,M,92,Others,98,Central,Commerce,82,0,19,79.763,Comm&Mgmt,1,Yes,1,3,71.72,Yes,Mkt&Fin,Not Placed,337295
1820,M,84.81,Central,98,Others,Commerce,90,0,21,91.273,Comm&Mgmt,3, No,1,1,71.91,Yes,Mkt&HR,Placed,235125
1821,F,75.42,Central,89.82,Others,Commerce,93,0,19,65.828,Sci&Tech,3,Yes,3,5,85.76,Yes,SDE,Placed,325651
1822,F,92,Others,98,Central,Science,98,0,21,78.447,Sci&Tech,8,No,1,4,90.3,Yes,Mkt&Fin,Placed,257558
1823,M,60.03,Others,49.77,Others,Science,89,0,21,71.55,Comm&Mgmt,10,Yes,2,4,58.25,Yes,Mkt&HR,Placed,258104
1824,F,73.67,Central,98,Others,Commerce,89,0,20,66.116,Sci&Tech,3,Yes,2,3,76.39,No,Mkt&HR,Not Placed,
1825,F,53.19,Central,57.94,Central,Science,89,1,21,64.462,Comm&Mgmt,7,Yes,1,1,79.89,Yes,SDE,Not Placed,
1826,M,63.38,Central,61.44,Others,Commerce,97,0,22,82.663,Comm&Mgmt,1,Yes,1,2,45.17,No,Mkt&HR,Not Placed,
1827,F,61.87,Central,40.78,Others,Science,93,1,19,67.177,Comm&Mgmt,1,No,2,2,76.68,Yes,Mkt&HR,Not Placed,319732
1828,M,76.9,Central,73.72,Others,Science,68,0,21,97.34,Sci&Tech,10,Yes,1,4,96.53,Yes,SDE,Placed,262610
1829,F,62,Central,50.76,Central,Commerce,82,0,22,80.339,Others,8,Yes,0,1,73.64,Yes,SDE,Not Placed,
1830,M,66.36,Central,80.81,Others,Commerce,98,0,21,70.084,Comm&Mgmt,1,Yes,1,3,61.79,Yes,Mkt&HR,Placed,302669
1831,F,92,Central,98,Others,Science,74,3,22,86.586,Sci&Tech,3,Yes,1,4,89.24,Yes,Mkt&Fin,Placed,312992
1832,M,82.02,Central,79.59,Others,Science,93,0,20,90.984,Comm&Mgmt,2,Yes,1,5,69.87,Yes,Mkt&Fin,Not Placed,320225
1833,M,79.91,Others,98,Central,Science,86,4,19,74.772,Others,1,Yes,2,4,83.02,Yes,Mkt&HR,Not Placed,291412
1834,F,74.28,Others,37,Others,Commerce,70,0,20,97.34,Sci&Tech,1,Yes,1,2,79.26,No,Jnr.DevOps,Not Placed,262115
1835,M,55.8,Others,45.34,Others,Science,91,1,22,75.828,Comm&Mgmt,1,Yes,1,3,79.02,Yes,Mkt&Fin,Not Placed,250951
1836,F,40.89,Central,55.78,Central,Arts,65,1,19,82.889,Others,1,Yes,0,2,72.11,No,Mkt&HR,Not Placed,
1837,M,91.71,Central,98,Others,Science,64,0,19,64.231,Comm&Mgmt,1,Yes,1,3,88.49,Yes,Mkt&Fin,Placed,318834
1838,M,46.38,Central,67.4,Others,Commerce,89,0,19,89.73,Others,4,Yes,1,5,78.69,Yes,Mkt&HR,Placed,317452
1839,F,56.6,Others,37,Others,Commerce,79,0,20,97.34,Others,1,Yes,1,3,67.1,Yes,Mkt&HR,Not Placed,251832
1840,M,92,Central,97.11,Others,Science,93,0,21,46,Comm&Mgmt,6,Yes,1,4,77.43,Yes,SDE,Placed,244165
1841,F,40.89,Central,37.97,Central,Science,76,1,20,77.599,Sci&Tech,6,Yes,1,2,92.37,Yes,Mkt&HR,Not Placed,261857
1842,M,57.57,Central,37,Others,Science,86,1,22,76.71,Comm&Mgmt,3,Yes,3,4,82.6,Yes,Analyst,Not Placed,332410
1843,M,79.85,Central,67.99,Others,Commerce,98,0,22,73.836,Sci&Tech,6,Yes,1,3,93.13,Yes,Jnr.DevOps,Placed,212053
1844,M,85.64,Others,74.2,Others,Science,90,0,19,78.369,Others,7,Yes,2,2,81.46,No,Mkt&Fin,Placed,
1845,F,88.97,Central,53.69,Central,Science,83,1,21,85.036,Sci&Tech,6,Yes,1,3,76.53,Yes,Jnr.DevOps,Placed,
1846,M,92,Central,48.43,Others,Commerce,95,0,20,97.34,Comm&Mgmt,6,No,1,3,78.29,Yes,Mkt&HR,Placed,213109
1847,M,92,Central,98,Others,Commerce,97,0,21,87.018,Comm&Mgmt,4,Yes,1,3,83.14,Yes,Mkt&Fin,Placed,277063
1848,M,78.7,Others,58.41,Others,Science,82,0,19,80.343,Sci&Tech,10,Yes,1,3,79.43,Yes,Mkt&HR,Not Placed,293586
1849,M,68.83,Others,57.95,Others,Science,86,0,22,74.325,Comm&Mgmt,4,Yes,1,4,92.44,No,Analyst,Placed,200000
1850,M,87.34,Central,98,Others,Science,89,0,22,62.524,Sci&Tech,2,Yes,1,3,79.75,Yes,Mkt&Fin,Placed,291647
1851,M,81.15,Others,98,Others,Commerce,90,0,19,87.221,Sci&Tech,8,Yes,1,3,78,Yes,Analyst,Placed,274187
1852,F,92,Central,58.15,Others,Science,64,1,20,77.513,Comm&Mgmt,5,Yes,2,4,43.02,Yes,Mkt&HR,Placed,
1853,M,83.85,Central,90.87,Others,Commerce,98,0,22,87.931,Sci&Tech,9,Yes,1,3,83,Yes,Mkt&Fin,Placed,243464
1854,M,51.55,Central,76.8,Central,Commerce,84,2,22,74.148,Comm&Mgmt,4,Yes,1,4,84.15,Yes,Analyst,Placed,
1855,F,92,Central,57.29,Others,Commerce,91,1,21,86.722,Sci&Tech,7, No,1,4,91.69,Yes,Mkt&Fin,Placed,300196
1856,M,43.93,Central,55.94,Others,Science,64,0,19,87.349,Others,1,Yes,1,4,43.02,No,Mkt&HR,Not Placed,
1857,M,67.46,Central,65.93,Others,Commerce,71,0,19,65.328,Comm&Mgmt,4,Yes,0,5,92.74,No,Mkt&Fin,Not Placed,
1858,F,40.89,Central,43.31,Others,Science,98,0,22,61.181,Comm&Mgmt,1,Yes,1,1,62.41,No,Mkt&HR,Not Placed,
1859,M,73.01,Central,76.43,Others,Science,98,0,20,57.959,Sci&Tech,2,Yes,1,3,98.85,Yes,Mkt&Fin,Placed,267653
1860,F,40.89,Central,63.96,Others,Science,98,0,22,81.072,Sci&Tech,7,Yes,1,4,51.18,Yes,Mkt&HR,Placed,
1861,F,83.02,Central,98,Others,Commerce,93,0,20,76.288,Others,9,Yes,4,5,98.85,Yes,Mkt&Fin,Placed,478742
1862,M,92,Central,75.09,Others,Commerce,77,0,21,85.248,Sci&Tech,5,Yes,1,4,81.22,Yes,Mkt&HR,Placed,200000
1863,M,92,Central,83.45,Others,Science,92,2,22,72.8,Comm&Mgmt,4,Yes,0,3,56.71,No,Mkt&HR,Not Placed,285327
1864,M,92,Others,37,Others,Commerce,80,0,19,92.31,Sci&Tech,5,Yes,1,3,76.25,Yes,Mkt&Fin,Placed,216762
1865,M,92,Central,98,Others,Commerce,92,2,20,76.151,Sci&Tech,1,No,2,1,50.8,Yes,Mkt&HR,Placed,289157
1866,F,92,Central,98,Others,Science,64,0,21,93.712,Sci&Tech,5,No,2,3,63.87,Yes,Mkt&HR,Placed,308777
1867,F,82.89,Others,76.97,Others,Science,95,0,21,74.022,Sci&Tech,1,Yes,2,3,44.94,No,Mkt&Fin,Not Placed,326208
1868,F,88.31,Central,98,Others,Commerce,97,0,19,92.221,Comm&Mgmt,2,Yes,1,1,69.35,Yes,Jnr.DevOps,Placed,
1869,M,63.63,Central,68.45,Central,Commerce,81,2,21,68.012,Comm&Mgmt,2,Yes,2,5,73.06,Yes,Mkt&Fin,Not Placed,
1870,F,64.18,Central,87.55,Central,Commerce,98,0,19,67.664,Comm&Mgmt,2,Yes,1,3,80.81,Yes,SDE,Placed,280531
1871,M,92,Central,56.76,Others,Commerce,87,4,21,92.923,Comm&Mgmt,10,Yes,2,4,85.36,Yes,Mkt&Fin,Placed,373324
1872,F,75.81,Central,68.61,Central,Commerce,83,0,21,88.735,Comm&Mgmt,7,Yes,1,3,98.85,Yes,Mkt&HR,Placed,435270
1873,M,92,Central,69.06,Central,Commerce,73,1,21,72.037,Sci&Tech,1,Yes,1,2,86.07,Yes,Mkt&Fin,Placed,447527
1874,M,92,Others,98,Central,Commerce,98,0,21,93.074,Sci&Tech,5,Yes,2,4,81.01,Yes,Mkt&HR,Placed,200000
1875,M,83.05,Central,59.89,Central,Commerce,64,0,19,82.181,Sci&Tech,6,Yes,1,4,94.44,Yes,SDE,Placed,267450
1876,F,92,Central,98,Others,Commerce,97,0,21,71.989,Comm&Mgmt,4,Yes,2,4,92.55,Yes,Mkt&Fin,Placed,258618
1877,M,92,Central,81.99,Others,Commerce,97,0,19,97.34,Comm&Mgmt,4,Yes,1,4,81.02,Yes,Mkt&HR,Placed,217597
1878,M,92,Others,79.27,Central,Commerce,90,0,20,89.201,Sci&Tech,2,Yes,4,4,81.22,Yes,Mkt&Fin,Placed,252761
1879,M,88.81,Central,37,Central,Commerce,98,0,21,95.019,Comm&Mgmt,3,Yes,1,3,77.21,Yes,Mkt&HR,Placed,200000
1880,F,69.44,Central,37,Others,Science,79,0,19,69.672,Comm&Mgmt,4,Yes,1,3,98.85,Yes,Mkt&HR,Placed,
1881,M,92,Central,65.68,Others,Commerce,94,0,22,86.523,Sci&Tech,1,Yes,0,3,84.52,Yes,Mkt&HR,Not Placed,323199
1882,M,92,Central,54.28,Others,Arts,75,0,21,82.696,Sci&Tech,7,Yes,2,4,98.83,Yes,Mkt&Fin,Placed,200000
1883,F,76.94,Central,59.04,Others,Commerce,92,0,22,88.787,Comm&Mgmt,4,Yes,1,1,43.02,No,Mkt&HR,Not Placed,310938
1884,M,86.57,Others,98,Central,Commerce,91,0,19,78.536,Comm&Mgmt,5,Yes,0,4,72.79,Yes,Mkt&HR,Placed,547554
1885,M,91.69,Others,73.15,Others,Science,98,0,21,77.03,Comm&Mgmt,3,Yes,1,4,72.7,Yes,Mkt&Fin,Placed,493336
1886,F,49.86,Others,97.45,Others,Science,92,0,20,44.338,Comm&Mgmt,3,Yes,1,3,96.26,No,Mkt&HR,Not Placed,
1887,F,40.89,Central,49.27,Central,Science,98,0,22,43.1,Comm&Mgmt,6,Yes,0,3,78.01,No,Mkt&Fin,Not Placed,
1888,M,92,Central,37.85,Others,Science,82,0,19,93.625,Sci&Tech,2,Yes,1,4,80.25,Yes,SDE,Not Placed,
1889,F,76.79,Others,58.45,Central,Commerce,98,0,21,65.972,Sci&Tech,1,Yes,1,5,74.15,Yes,Mkt&Fin,Not Placed,244549
1890,M,40.89,Others,44.62,Others,Science,98,2,19,68.78,Comm&Mgmt,1,Yes,4,3,46.52,Yes,Mkt&Fin,Not Placed,
1891,F,40.89,Central,60.61,Others,Science,80,2,20,66.42,Others,1,Yes,0,3,97.33,No,Mkt&HR,Not Placed,305198
1892,M,70.05,Others,92.89,Others,Science,92,0,20,75.318,Comm&Mgmt,7,Yes,1,4,83.02,Yes,WebTech,Placed,
1893,M,91.09,Others,63.23,Others,Commerce,71,0,21,79.109,Sci&Tech,10,No,1,1,62.11,No,Mkt&Fin,Placed,
1894,M,58.13,Central,83.04,Others,Commerce,64,0,20,81.978,Others,1,Yes,2,1,79.07,Yes,Mkt&HR,Not Placed,
1895,M,79.62,Others,87.38,Central,Science,90,0,21,91.314,Others,3,Yes,2,4,79.13,Yes,Mkt&Fin,Placed,332984
1896,M,40.89,Central,50.52,Central,Science,78,0,21,60.804,Sci&Tech,4,Yes,1,4,66.27,No,Mkt&HR,Not Placed,
1897,F,40.89,Central,49.4,Central,Science,96,2,20,92.431,Comm&Mgmt,2,Yes,1,3,58.14,No,Mkt&HR,Not Placed,
1898,M,73.21,Others,37,Others,Science,98,1,21,86.378,Sci&Tech,6,Yes,1,3,43.32,Yes,Mkt&Fin,Placed,294640
1899,M,78.61,Central,67.7,Central,Science,78,0,21,73.009,Sci&Tech,1,Yes,1,1,88.67,Yes,Mkt&Fin,Placed,336590
1900,M,40.89,Others,43.91,Central,Arts,97,2,21,75.405,Others,1,Yes,1,4,69.8,No,Mkt&Fin,Placed,
1901,M,52.47,Central,79.3,Central,Science,82,1,19,82.847,Others,1,Yes,1,3,87.31,Yes,WebTech,Not Placed,
1902,F,73.86,Central,52.48,Others,Science,98,0,21,97.34,Sci&Tech,1,Yes,1,4,73.61,Yes,Mkt&HR,Placed,267153
1903,F,89.47,Central,72.26,Others,Science,90,0,20,88.343,Comm&Mgmt,10,Yes,0,4,89.67,Yes,SDE,Not Placed,233111
1904,M,92,Central,96.65,Others,Commerce,72,0,21,85.906,Sci&Tech,4,No,2,3,86.85,No,Mkt&Fin,Placed,
1905,F,80.08,Central,71.99,Others,Commerce,92,0,20,55.868,Sci&Tech,1,Yes,1,2,82.6,Yes,Mkt&HR,Not Placed,311932
1906,F,70.44,Central,79.09,Others,Science,98,0,22,80.722,Comm&Mgmt,1,Yes,2,3,75.72,Yes,Mkt&HR,Placed,247355
1907,M,52.74,Central,37,Central,Commerce,89,1,20,66.823,Comm&Mgmt,5,Yes,4,1,83.9,No,Mkt&HR,Not Placed,
1908,F,47.67,Central,53.57,Others,Commerce,91,0,19,75.581,Comm&Mgmt,1,No,1,3,43.02,No,Mkt&HR,Placed,
1909,F,82.57,Central,62.15,Central,Science,83,0,20,71.041,Comm&Mgmt,5,Yes,2,1,87.63,No,Mkt&Fin,Placed,
1910,M,48.26,Central,43.79,Central,Science,93,0,21,72.322,Comm&Mgmt,1,Yes,1,5,43.02,Yes,Mkt&HR,Not Placed,
1911,M,88.71,Central,73.42,Central,Commerce,86,0,20,97.34,Sci&Tech,9,Yes,1,4,77.04,Yes,SDE,Placed,370289
1912,M,86.55,Central,51.67,Others,Commerce,98,1,19,86.41,Comm&Mgmt,1,Yes,4,4,77.24,Yes,Mkt&Fin,Not Placed,239484
1913,M,75.18,Others,73.15,Central,Commerce,93,0,21,84.933,Others,5,Yes,2,3,76.49,Yes,Mkt&HR,Placed,
1914,F,85.17,Central,90.71,Others,Commerce,82,0,20,93.782,Sci&Tech,10,Yes,4,3,81.01,Yes,WebTech,Placed,240550
1915,M,40.89,Central,51.63,Central,Science,74,0,20,43.1,Comm&Mgmt,1,Yes,1,1,88.51,No,SDE,Not Placed,
1916,M,92,Central,98,Central,Commerce,82,1,19,87.156,Others,10,Yes,1,4,72.5,Yes,Mkt&Fin,Placed,217877
1917,M,92,Central,98,Central,Science,94,0,19,97.34,Sci&Tech,10,Yes,2,4,91.08,Yes,Mkt&HR,Placed,273197
1918,M,87.89,Central,64.24,Others,Commerce,98,0,21,76.802,Comm&Mgmt,4,Yes,1,4,88.39,Yes,Mkt&Fin,Placed,
1919,M,69.05,Central,88.45,Others,Science,98,1,22,48.7,Sci&Tech,1,Yes,1,2,72.68,Yes,Mkt&HR,Placed,305389
1920,M,61.99,Central,48.35,Others,Commerce,96,1,21,97.34,Sci&Tech,3,Yes,2,3,77.25,Yes,Mkt&Fin,Placed,325874
1921,M,69.49,Others,74.28,Central,Commerce,79,0,19,81.548,Comm&Mgmt,7,Yes,1,4,78.11,Yes,Mkt&HR,Placed,
1922,M,92,Central,86.25,Others,Science,68,0,21,86.405,Comm&Mgmt,10,Yes,1,3,88.61,No,Mkt&HR,Placed,206555
1923,M,92,Others,91.54,Others,Commerce,98,0,21,88.31,Sci&Tech,9,No,1,4,92.6,Yes,Mkt&Fin,Placed,224998
1924,M,57.79,Central,39.06,Central,Arts,93,1,22,57.593,Comm&Mgmt,2,Yes,0,1,83.55,Yes,Mkt&HR,Not Placed,
1925,F,72.27,Central,46.07,Others,Science,64,1,21,86.113,Sci&Tech,1,Yes,1,4,62.71,No,Mkt&HR,Not Placed,
1926,M,40.89,Central,47.66,Central,Science,79,0,21,81.321,Comm&Mgmt,2,Yes,1,3,79.2,No,Mkt&HR,Placed,226140
1927,M,57.64,Central,37.3,Central,Commerce,88,0,20,80.042,Comm&Mgmt,1,Yes,1,2,43.02,Yes,Mkt&Fin,Not Placed,
1928,M,84.25,Central,71.91,Central,Science,98,0,21,96.937,Comm&Mgmt,8,Yes,1,1,90.91,Yes,WebTech,Placed,298440
1929,F,64.7,Others,62.9,Others,Commerce,98,0,19,83.492,Sci&Tech,5,Yes,1,3,43.02,No,Mkt&HR,Not Placed,317796
1930,M,72.72,Others,59.24,Others,Science,98,0,20,86.803,Sci&Tech,6,No,2,5,96.49,Yes,Mkt&Fin,Placed,200000
1931,M,88.92,Others,59.17,Others,Science,98,0,21,85.464,Sci&Tech,10,Yes,1,4,79.6,Yes,Mkt&HR,Placed,316014
1932,F,56.46,Central,45.08,Central,Commerce,64,0,20,80.405,Sci&Tech,1,Yes,1,4,95.46,Yes,SDE,Placed,223909
1933,F,40.89,Central,37.75,Others,Science,98,0,20,59.683,Comm&Mgmt,1,Yes,0,3,43.02,No,Mkt&HR,Not Placed,
1934,M,87.06,Central,90.69,Others,Commerce,64,0,21,71.457,Others,1,Yes,1,3,76.6,Yes,SDE,Not Placed,324930
1935,M,60.72,Central,98,Others,Commerce,90,0,21,94.826,Comm&Mgmt,7,Yes,4,1,60.4,Yes,Mkt&HR,Placed,
1936,M,77.04,Central,58.66,Others,Science,98,0,20,93.457,Sci&Tech,2,Yes,2,3,75.7,Yes,Mkt&Fin,Not Placed,255149
1937,M,90.51,Central,37,Central,Science,81,0,22,82.269,Sci&Tech,1,Yes,1,3,86.65,No,Analyst,Not Placed,315465
1938,M,92,Central,59.08,Central,Science,98,0,19,61.034,Sci&Tech,6,Yes,1,2,56.8,Yes,Mkt&HR,Placed,
1939,M,70.17,Central,46.64,Others,Commerce,98,0,20,85.234,Comm&Mgmt,8,Yes,1,2,95.35,Yes,Mkt&Fin,Not Placed,275454
1940,F,58.94,Central,37,Others,Science,87,1,22,61.902,Others,6,Yes,1,4,76.02,No,Mkt&HR,Not Placed,294977
1941,F,40.89,Central,37,Others,Commerce,96,1,20,73.434,Comm&Mgmt,1,Yes,1,2,74.16,No,Mkt&HR,Not Placed,
1942,F,50.69,Central,46.87,Central,Science,98,0,21,79.002,Sci&Tech,5,Yes,2,3,81.09,Yes,Mkt&HR,Not Placed,328374
1943,M,86.95,Central,54.3,Others,Science,98,0,21,77.63,Comm&Mgmt,4,Yes,1,4,78.99,Yes,Mkt&HR,Not Placed,
1944,F,87.15,Others,63.49,Others,Commerce,98,0,21,71.798,Comm&Mgmt,1,Yes,0,3,72.98,Yes,Mkt&HR,Not Placed,
1945,M,92,Central,52.27,Central,Commerce,83,2,19,94.5,Comm&Mgmt,10,Yes,1,3,79.85,Yes,Mkt&Fin,Placed,
1946,M,81.07,Others,95.55,Central,Commerce,87,0,22,84.621,Sci&Tech,8,Yes,1,5,64.91,Yes,Analyst,Placed,200000
1947,F,40.89,Central,37,Central,Commerce,89,0,22,73.846,Sci&Tech,5,Yes,1,4,93.98,Yes,Mkt&Fin,Placed,200000
1948,M,52.97,Central,85.57,Others,Science,86,0,20,90.149,Comm&Mgmt,2,Yes,1,3,71.28,Yes,Mkt&Fin,Not Placed,284394
1949,F,92,Central,90.45,Others,Commerce,85,0,19,97.34,Others,6,Yes,2,3,92.08,Yes,Mkt&Fin,Not Placed,584846
1950,F,90.82,Central,85.01,Central,Commerce,98,0,21,77.328,Sci&Tech,1,No,1,3,74.8,Yes,SDE,Placed,
1951,M,92,Central,98,Others,Commerce,95,0,19,97.34,Sci&Tech,8,Yes,1,5,69.51,Yes,Mkt&Fin,Placed,237170
1952,M,45.4,Others,67.09,Central,Commerce,87,1,19,87.532,Comm&Mgmt,3,Yes,4,3,60.77,Yes,Mkt&Fin,Placed,313005
1953,M,88.16,Central,60.95,Others,Commerce,76,5,21,88.725,Sci&Tech,5,Yes,1,4,90.4,Yes,Jnr.DevOps,Placed,272774
1954,M,77.49,Central,92.38,Central,Science,97,1,19,69.788,Sci&Tech,4,Yes,1,3,43.02,Yes,Mkt&Fin,Placed,
1955,F,53.18,Central,70.42,Central,Science,98,1,22,66.732,Sci&Tech,9,Yes,4,2,95.15,No,Mkt&HR,Not Placed,
1956,M,64.38,Central,72.14,Others,Commerce,98,4,22,77.585,Sci&Tech,1,Yes,2,5,79.69,No,Mkt&HR,Not Placed,
1957,M,92,Central,51,Others,Commerce,98,1,20,88.654,Sci&Tech,4,Yes,1,5,78.19,Yes,Mkt&HR,Placed,200000
1958,M,92,Others,85.76,Others,Science,89,1,20,86.13,Comm&Mgmt,2,Yes,1,4,71.76,Yes,Mkt&Fin,Placed,330489
1959,F,69.68,Others,81.57,Central,Commerce,98,0,19,88.861,Comm&Mgmt,1,Yes,2,5,88.05,Yes,Mkt&Fin,Placed,254226
1960,M,82.55,Others,92.04,Central,Science,90,0,20,50.65,Sci&Tech,6,Yes,1,3,89.49,No,Mkt&HR,Not Placed,
1961,M,65.51,Others,64.13,Others,Commerce,81,0,20,43.1,Comm&Mgmt,1,Yes,1,3,83.2,No,Mkt&Fin,Not Placed,
1962,M,76.99,Central,38.78,Others,Science,70,0,19,78.163,Comm&Mgmt,3,Yes,2,3,92.88,No,Mkt&HR,Not Placed,
1963,M,80.29,Others,37,Central,Science,96,0,20,97.34,Comm&Mgmt,10,Yes,1,1,80.42,Yes,Jnr.DevOps,Placed,
1964,M,92,Central,98,Others,Arts,98,0,19,89.103,Sci&Tech,6,Yes,1,5,67.88,Yes,Mkt&Fin,Placed,228752
1965,M,58.66,Central,39.94,Others,Commerce,83,0,19,43.1,Comm&Mgmt,1,Yes,1,5,90.1,Yes,Mkt&Fin,Placed,303525
1966,M,92,Central,98,Others,Commerce,64,0,19,89.302,Comm&Mgmt,6,Yes,2,1,91.71,Yes,Mkt&Fin,Placed,236033
1967,M,60.78,Central,61.3,Central,Commerce,98,0,22,55.698,Comm&Mgmt,3,Yes,0,3,43.02,No,Mkt&HR,Not Placed,279332
1968,M,87.65,Central,59.28,Others,Commerce,81,0,21,97.34,Comm&Mgmt,6,Yes,1,3,78.58,Yes,Mkt&HR,Not Placed,
1969,M,88,Central,76.97,Others,Science,98,1,22,83.663,Sci&Tech,1,Yes,1,4,74.41,Yes,Mkt&Fin,Placed,324173
1970,F,53.6,Central,55.91,Central,Arts,82,0,21,51.668,Comm&Mgmt,5,Yes,2,1,98.85,No,Analyst,Not Placed,
1971,F,41.08,Central,40.94,Others,Science,96,0,20,83.571,Others,9,Yes,1,3,82.29,Yes,Analyst,Placed,381672
1972,M,83.79,Others,43.87,Others,Science,87,0,20,97.34,Comm&Mgmt,10,Yes,1,1,53.83,Yes,Mkt&HR,Placed,
1973,F,92,Central,80.84,Others,Science,88,0,21,97.34,Sci&Tech,3, No,2,4,72.53,Yes,SDE,Placed,300030
1974,M,86.61,Central,82.8,Central,Science,74,0,21,85.191,Sci&Tech,8,Yes,2,5,76.25,Yes,Mkt&Fin,Not Placed,
1975,M,58.63,Central,64.88,Central,Commerce,91,0,19,84.968,Sci&Tech,7,Yes,0,3,91.21,No,Mkt&HR,Placed,394427
1976,M,56.93,Central,37,Others,Science,72,1,21,80.006,Comm&Mgmt,3,Yes,0,3,70.4,No,Mkt&HR,Not Placed,
1977,M,49.58,Central,74.04,Others,Science,90,2,20,84.924,Sci&Tech,7,Yes,2,3,96.24,Yes,Mkt&HR,Placed,
1978,M,92,Central,78.59,Central,Commerce,83,0,19,43.1,Comm&Mgmt,4,Yes,0,1,93.82,Yes,SDE,Placed,
1979,M,85.42,Central,98,Central,Arts,79,0,21,79.264,Sci&Tech,2,Yes,1,3,84.14,Yes,Mkt&HR,Placed,326093
1980,M,72.01,Central,82.54,Others,Commerce,81,0,19,73.163,Sci&Tech,1,Yes,0,1,80.87,No,Mkt&Fin,Placed,313452
1981,F,92,Central,98,Others,Commerce,94,0,21,73.428,Sci&Tech,6,Yes,1,5,83.98,Yes,Mkt&HR,Placed,269963
1982,F,59.33,Central,79.87,Central,Arts,76,1,20,65.537,Comm&Mgmt,1,Yes,0,3,78.54,No,Mkt&HR,Not Placed,
1983,M,40.89,Others,48.84,Central,Science,91,0,21,71.399,Comm&Mgmt,3,No,2,3,96.48,Yes,Mkt&Fin,Not Placed,
1984,M,91.19,Central,89.6,Others,Commerce,98,0,21,91.219,Comm&Mgmt,5,Yes,0,1,98.85,Yes,SDE,Not Placed,
1985,M,40.89,Central,68.65,Central,Commerce,98,1,21,43.1,Sci&Tech,1,No,2,2,49.56,Yes,Analyst,Not Placed,
1986,F,78.12,Central,50.68,Central,Commerce,87,0,21,87.5,Comm&Mgmt,9,Yes,2,4,80.92,Yes,Mkt&Fin,Not Placed,319780
1987,M,46.54,Central,57.37,Central,Science,98,0,20,60.691,Comm&Mgmt,1,Yes,0,4,75.14,Yes,Mkt&HR,Not Placed,
1988,F,67.12,Central,71.44,Others,Science,87,0,20,75.974,Comm&Mgmt,5,Yes,1,4,87.78,Yes,Mkt&HR,Placed,
1989,F,76.45,Central,74.23,Central,Science,98,1,21,69.192,Sci&Tech,1,Yes,1,4,78.94,Yes,Mkt&Fin,Placed,
1990,M,90.08,Central,85.06,Others,Commerce,98,0,22,83.203,Sci&Tech,1,Yes,1,3,50.23,Yes,Mkt&Fin,Not Placed,
1991,M,61.55,Central,37,Others,Science,98,0,21,76.747,Comm&Mgmt,1,No,1,1,46.93,Yes,SDE,Not Placed,
1992,F,76.35,Central,37,Central,Arts,73,0,20,73.17,Sci&Tech,1,Yes,2,1,86.83,Yes,Mkt&HR,Placed,
1993,F,58.27,Central,92.99,Central,Commerce,88,0,21,84.739,Sci&Tech,9,Yes,1,5,80.78,No,Mkt&Fin,Placed,
1994,M,79.45,Others,86.11,Others,Science,98,0,20,54.868,Others,8,Yes,1,3,61.35,No,Analyst,Placed,
1995,F,40.89,Central,78.83,Others,Commerce,94,1,22,73.949,Comm&Mgmt,1,Yes,1,1,43.02,No,Mkt&HR,Not Placed,
1996,M,89.21,Central,52.26,Others,Science,91,0,20,90.197,Comm&Mgmt,1,Yes,1,3,43.02,No,Mkt&HR,Not Placed,
1997,F,58.83,Others,44.87,Central,Commerce,98,0,21,91.719,Others,6,Yes,1,4,85.14,Yes,Mkt&Fin,Placed,
1998,M,91.91,Central,96.71,Others,Commerce,80,0,19,88.875,Sci&Tech,1,No,2,1,72.91,No,Jnr.DevOps,Placed,319226
1999,M,70.29,Central,61.96,Central,Commerce,98,2,22,86.48,Sci&Tech,6,Yes,1,3,85.05,Yes,Mkt&HR,Placed,269771
2000,M,86.63,Others,98,Central,Commerce,79,0,21,78.387,Sci&Tech,1,Yes,0,1,51.72,Yes,SDE,Not Placed,200000
